1  1   2.00000  13.00000  -1.59644   0.68269
2  2   5.00000  13.00000  -0.75147   0.53333
3  3   8.00000  13.00000   0.07432   0.56586
4  4  11.00000  13.00000   1.19802   0.73861
5  5   5.00000  13.00000  -0.75147   0.53333
6  6   3.00000   6.00000   0.06557   0.76731
7  7   5.00000  13.00000  -0.75147   0.53333
8  8   3.00000   9.00000  -1.03719   0.68433
10  10   9.00000  13.00000   0.39410   0.59715
11  11   8.00000  13.00000   0.07432   0.56586
12  12   7.00000  13.00000  -0.22147   0.54547
13  13   4.00000  13.00000  -1.00261   0.54896
14  14   8.00000  13.00000   0.07432   0.56586
15  15   6.00000  13.00000  -0.49525   0.53376
16  16   7.00000  13.00000  -0.22147   0.54547
17  17  10.00000  13.00000   0.75394   0.64799
18  18   8.00000  13.00000   0.07432   0.56586
19  19  10.00000  13.00000   0.75394   0.64799
20  20   5.00000  10.00000  -0.58746   0.60563
21  21   6.00000  13.00000  -0.49525   0.53376
22  22   8.00000  13.00000   0.07432   0.56586
23  23   9.00000  13.00000   0.39410   0.59715
24  24   4.00000  12.00000  -1.19801   0.60602
25  25   5.00000  12.00000  -0.89558   0.56825
26  26   6.00000  12.00000  -0.61395   0.55134
27  27   7.00000  12.00000  -0.34453   0.55031
28  28   9.00000  12.00000   0.23086   0.60897
30  30  10.00000  12.00000   0.61686   0.69218
31  31   7.00000  12.00000  -0.34453   0.55031
32  32   5.00000  12.00000  -0.89558   0.56825
33  33   5.00000  12.00000  -0.89558   0.56825
34  34   7.00000  12.00000  -0.34453   0.55031
35  35   9.00000  12.00000   0.23086   0.60897
37  37   6.00000  12.00000  -0.61395   0.55134
38  38   3.00000  12.00000  -1.55506   0.68416
39  39  10.00000  12.00000   0.61686   0.69218
40  40   6.00000  12.00000  -0.61395   0.55134
41  41   5.00000  12.00000  -0.89558   0.56825
42  42   9.00000  12.00000   0.23086   0.60897
43  43   9.00000  12.00000   0.23086   0.60897
44  44   9.00000  12.00000   0.23086   0.60897
45  45  12.00000  12.00000   2.24604   1.41856
46  46   7.00000  12.00000  -0.34453   0.55031
47  47   7.00000  12.00000  -0.34453   0.55031
48  48   9.00000  12.00000   0.23086   0.60897
50  50   3.00000   6.00000  -0.88421   0.79055
51  51   3.00000   6.00000  -0.88421   0.79055
52  52   3.00000   6.00000  -0.88421   0.79055
53  53   3.00000   6.00000  -0.88421   0.79055
54  54   4.00000   6.00000  -0.29981   0.87809
55  55   6.00000   6.00000   1.68903   1.47397
56  56   5.00000   6.00000   0.62662   1.03601
57  57   3.00000   6.00000  -0.88421   0.79055
58  58   4.00000   6.00000  -0.29981   0.87809
59  59   4.00000   6.00000  -0.29981   0.87809
60  60   4.00000   6.00000  -0.29981   0.87809
61  61   5.00000   6.00000   0.62662   1.03601
64  64   5.00000   6.00000   0.62662   1.03601
65  65   4.00000   6.00000  -0.29981   0.87809
66  66   2.00000   6.00000  -1.31400   0.81903
67  67   3.00000   6.00000  -0.88421   0.79055
68  68   4.00000   6.00000  -0.29981   0.87809
69  69   4.00000   6.00000  -0.29981   0.87809
70  70   3.00000   6.00000  -0.88421   0.79055
71  71   4.00000   6.00000  -0.29981   0.87809
72  72   6.00000   6.00000   1.68903   1.47397
73  73   4.00000   6.00000  -0.29981   0.87809
74  74   5.00000   6.00000   0.62662   1.03601
75  75   3.00000   6.00000  -0.88421   0.79055
76  76   3.00000   6.00000  -0.88421   0.79055
77  77   4.00000  10.00000  -0.41281   0.48228
78  78   5.00000  10.00000  -0.23046   0.48074
79  79   5.00000  10.00000  -0.23046   0.48074
80  80   0.00000  10.00000  -1.88155   1.12545
81  81   7.00000  10.00000   0.19230   0.53962
82  82   5.00000  10.00000  -0.23046   0.48074
83  83   3.00000  10.00000  -0.60272   0.50400
84  84   3.00000  10.00000  -0.60272   0.50400
85  85   7.00000  10.00000   0.19230   0.53962
86  86   8.00000  10.00000   0.49679   0.62121
87  87   5.00000  10.00000  -0.23046   0.48074
88  88   4.00000  10.00000  -0.41281   0.48228
89  89   8.00000  10.00000   0.49679   0.62121
90  90   7.00000  10.00000   0.19230   0.53962
91  91   7.00000  10.00000   0.19230   0.53962
92  92   9.00000  10.00000   0.96767   0.79344
93  93   1.00000  10.00000  -1.14493   0.67675
94  94   2.00000  10.00000  -0.82609   0.55651
95  95   0.00000   4.00000  -0.95622   0.87643
96  96   5.00000  10.00000  -0.23046   0.48074
98  98   5.00000  10.00000  -0.23046   0.48074
99  99   4.00000  10.00000  -0.41281   0.48228
100  100   6.00000  10.00000  -0.03663   0.49805
101  101   4.00000  10.00000  -0.41281   0.48228
102  102   2.00000  10.00000  -0.82609   0.55651
103  103   7.00000  10.00000   0.19230   0.53962
104  104   7.00000  10.00000   0.19230   0.53962
105  105   6.00000  10.00000  -0.03663   0.49805
106  106   6.00000   7.00000   0.34042   0.71637
107  107   3.00000  10.00000  -0.60272   0.50400
108  108   5.00000  10.00000  -0.23046   0.48074
109  109   8.00000  10.00000   0.49679   0.62121
110  110   5.00000  10.00000  -0.23046   0.48074
111  111   6.00000  10.00000  -0.03663   0.49805
112  112   4.00000  10.00000  -0.41281   0.48228
113  113   2.00000  10.00000  -0.82609   0.55651
114  114   3.00000  10.00000  -0.60272   0.50400
115  115   6.00000  10.00000  -0.03663   0.49805
116  116   3.00000  10.00000  -0.60272   0.50400
122  122   9.00000  10.00000   0.96767   0.79344
123  123   1.00000  10.00000  -1.14493   0.67675
124  124   7.00000  10.00000   0.19230   0.53962
125  125   3.00000  10.00000  -0.60272   0.50400
126  126   6.00000  10.00000  -0.03663   0.49805
127  127   9.00000  10.00000   0.96767   0.79344
128  128   4.00000  10.00000  -0.41281   0.48228
129  129   1.00000  10.00000  -1.14493   0.67675
130  130   3.00000  10.00000  -0.60272   0.50400
131  131   7.00000  10.00000   0.19230   0.53962
132  132   9.00000  10.00000   0.96767   0.79344
133  133   7.00000  10.00000   0.19230   0.53962
134  134   0.00000  10.00000  -1.88155   1.12545
135  135   8.00000  10.00000   0.49679   0.62121
136  136   7.00000  10.00000   0.19230   0.53962
137  137   1.00000  10.00000  -1.14493   0.67675
138  138   7.00000  10.00000   0.19230   0.53962
139  139   2.00000  10.00000  -0.82609   0.55651
140  140   7.00000  10.00000   0.19230   0.53962
141  141   6.00000  10.00000  -0.03663   0.49805
142  142   3.00000  10.00000  -0.60272   0.50400
143  143   2.00000  10.00000  -0.82609   0.55651
144  144   7.00000  10.00000   0.19230   0.53962
145  145   5.00000  10.00000  -0.23046   0.48074
146  146   0.00000  10.00000  -1.88155   1.12545
147  147   2.00000   6.00000  -0.47287   0.70391
148  148  10.00000  10.00000   2.04025   1.39271
149  149   2.00000  10.00000  -0.82609   0.55651
151  151  10.00000  10.00000   2.04025   1.39271
152  152   5.00000  10.00000  -0.23046   0.48074
153  153   2.00000  10.00000  -0.82609   0.55651
154  154   9.00000  10.00000   0.96767   0.79344
155  155   4.00000   6.00000   0.28278   0.71771
156  156   1.00000  10.00000  -1.14493   0.67675
157  157   2.00000   6.00000  -0.47287   0.70391
158  158   7.00000  10.00000   0.19230   0.53962
160  160   0.00000  10.00000  -1.88155   1.12545
161  161   5.00000  10.00000  -0.23046   0.48074
162  162   7.00000  10.00000   0.19230   0.53962
167  167   9.00000  13.00000   0.15774   0.49014
168  168  11.00000  13.00000   0.78753   0.69887
169  169  11.00000  13.00000   0.78753   0.69887
170  170   5.00000  13.00000  -0.50244   0.43645
171  171   5.00000  13.00000  -0.50244   0.43645
172  172   7.00000  13.00000  -0.19601   0.43512
173  173  10.00000  13.00000   0.40320   0.55813
174  174  11.00000  13.00000   0.78753   0.69887
175  175   8.00000  13.00000  -0.03200   0.45348
176  176  12.00000  13.00000   1.70912   1.08162
177  177   3.00000   6.00000  -0.29897   0.62196
178  178   8.00000  13.00000  -0.03200   0.45348
179  179   9.00000  13.00000   0.15774   0.49014
180  180   4.00000  13.00000  -0.66736   0.45672
181  181   6.00000  13.00000  -0.34904   0.42980
182  182   3.00000  13.00000  -0.86013   0.49654
183  183   8.00000  13.00000  -0.03200   0.45348
184  184   7.00000  13.00000  -0.19601   0.43512
185  185   6.00000   6.00000   1.05103   1.14017
186  186   6.00000   6.00000   1.05103   1.14017
187  187   0.00000  13.00000  -2.54833   1.33942
188  188   3.00000  13.00000  -0.86013   0.49654
189  189  10.00000  13.00000   0.40320   0.55813
190  190   5.00000   6.00000   0.35284   0.74629
191  191   4.00000  13.00000  -0.66736   0.45672
192  192   3.00000  13.00000  -0.86013   0.49654
193  193  10.00000  13.00000   0.40320   0.55813
194  194   7.00000  13.00000  -0.19601   0.43512
195  195   7.00000  13.00000  -0.19601   0.43512
196  196   9.00000  13.00000   0.15774   0.49014
198  198  10.00000  13.00000   0.40320   0.55813
199  199  10.00000  13.00000   0.40320   0.55813
201  201   3.00000  13.00000  -0.86013   0.49654
203  203  11.00000  13.00000   0.78753   0.69887
204  204  10.00000  13.00000   0.40320   0.55813
205  205   6.00000  13.00000  -0.34904   0.42980
206  206   4.00000  13.00000  -0.66736   0.45672
208  208  10.00000  13.00000   0.40320   0.55813
209  209  10.00000  13.00000   0.40320   0.55813
210  210   4.00000   6.00000  -0.00623   0.64712
211  211   4.00000   6.00000  -0.00623   0.64712
212  212   6.00000   6.00000   1.05103   1.14017
213  213   4.00000   6.00000  -0.00623   0.64712
214  214   8.00000  13.00000  -0.03200   0.45348
215  215  10.00000  13.00000   0.40320   0.55813
216  216   7.00000  13.00000  -0.19601   0.43512
217  217   2.00000  13.00000  -1.11358   0.57210
218  218  10.00000  13.00000   0.40320   0.55813
220  220   6.00000  13.00000  -0.34904   0.42980
221  221   5.00000  13.00000  -0.50244   0.43645
222  222   6.00000  13.00000  -0.34904   0.42980
223  223   7.00000  13.00000  -0.19601   0.43512
224  224   0.00000  13.00000  -2.54833   1.33942
225  225   7.00000  13.00000  -0.19601   0.43512
226  226   3.00000  10.00000  -0.63602   0.51253
227  227   9.00000  13.00000   0.15774   0.49014
228  228   5.00000  10.00000  -0.26374   0.48569
229  229   4.00000  13.00000  -0.66736   0.45672
230  230   4.00000  13.00000  -0.66736   0.45672
231  231   6.00000  13.00000  -0.34904   0.42980
232  232   6.00000  13.00000  -0.34904   0.42980
233  233   7.00000  13.00000  -0.19601   0.43512
234  234   2.00000  13.00000  -1.11358   0.57210
235  235   3.00000  13.00000  -0.86013   0.49654
236  236   2.00000  13.00000  -1.11358   0.57210
237  237   8.00000  13.00000  -0.03200   0.45348
238  238   6.00000  13.00000  -0.34904   0.42980
239  239   6.00000  13.00000  -0.34904   0.42980
240  240   8.00000  13.00000  -0.03200   0.45348
241  241   5.00000  13.00000  -0.50244   0.43645
242  242   1.00000   3.00000  -0.61673   1.30568
243  243   0.00000   7.00000  -2.09933   1.43227
244  244   3.00000  13.00000  -0.86013   0.49654
245  245   1.00000  13.00000  -1.52072   0.73737
246  246   6.00000  13.00000  -0.34904   0.42980
247  247   2.00000   3.00000   0.97278   1.57035
248  248   4.00000  13.00000  -0.66736   0.45672
249  249   5.00000  13.00000  -0.50244   0.43645
250  250   2.00000  13.00000  -1.11358   0.57210
252  252   8.00000  13.00000  -0.03200   0.45348
253  253   2.00000   7.00000  -0.63457   0.62426
254  254   6.00000  10.00000  -0.07473   0.50522
255  255   8.00000  13.00000  -0.03200   0.45348
256  256   2.00000   3.00000   0.97278   1.57035
257  257   7.00000  13.00000  -0.19601   0.43512
258  258   1.00000   3.00000  -0.61673   1.30568
259  259   1.00000   3.00000  -0.61673   1.30568
260  260   2.00000   3.00000   0.97278   1.57035
261  261   8.00000  14.00000  -0.23325   0.40820
262  262  12.00000  14.00000   0.71421   0.68389
263  263  11.00000  14.00000   0.32520   0.54018
264  264  11.00000  14.00000   0.32520   0.54018
265  265   6.00000  14.00000  -0.49930   0.39566
266  266  11.00000  14.00000   0.32520   0.54018
267  267  10.00000  14.00000   0.09119   0.46926
268  268   8.00000  14.00000  -0.23325   0.40820
269  269   6.00000  14.00000  -0.49930   0.39566
270  270  11.00000  14.00000   0.32520   0.54018
271  271   5.00000  14.00000  -0.63210   0.40270
272  272  12.00000  14.00000   0.71421   0.68389
273  273   8.00000  14.00000  -0.23325   0.40820
274  274   7.00000  14.00000  -0.36855   0.39735
275  275   5.00000  14.00000  -0.63210   0.40270
276  276   4.00000  14.00000  -0.77399   0.41986
277  277  12.00000  14.00000   0.71421   0.68389
278  278   8.00000  14.00000  -0.23325   0.40820
279  279   6.00000  14.00000  -0.49930   0.39566
280  280   5.00000  14.00000  -0.63210   0.40270
281  281  11.00000  14.00000   0.32520   0.54018
282  282   3.00000  14.00000  -0.93474   0.45108
283  283  10.00000  14.00000   0.09119   0.46926
284  284  11.00000  14.00000   0.32520   0.54018
285  285   9.00000  14.00000  -0.08458   0.43020
286  286   5.00000  14.00000  -0.63210   0.40270
287  287  11.00000  14.00000   0.32520   0.54018
288  288   2.00000   4.00000  -0.34488   0.92664
289  289  13.00000  14.00000   1.53996   0.98677
291  291   7.00000  14.00000  -0.36855   0.39735
292  292  11.00000  14.00000   0.32520   0.54018
293  293  10.00000  14.00000   0.09119   0.46926
294  294   9.00000  14.00000  -0.08458   0.43020
295  295   5.00000  14.00000  -0.63210   0.40270
296  296  13.00000  14.00000   1.53996   0.98677
297  297   7.00000  14.00000  -0.36855   0.39735
298  298   4.00000  14.00000  -0.77399   0.41986
299  299  12.00000  14.00000   0.71421   0.68389
300  300   1.00000  14.00000  -1.40719   0.61509
301  301   8.00000  14.00000  -0.23325   0.40820
302  302   4.00000  10.00000  -0.58938   0.48722
303  303   9.00000  10.00000   1.32450   1.02801
304  304   5.00000  10.00000  -0.40036   0.49208
305  305   7.00000  10.00000   0.05964   0.57768
306  306   5.00000  10.00000  -0.40036   0.49208
307  307   9.00000  14.00000  -0.08458   0.43020
308  308   8.00000  14.00000  -0.23325   0.40820
309  309  13.00000  14.00000   1.53996   0.98677
310  310  12.00000  14.00000   0.71421   0.68389
311  311   7.00000  14.00000  -0.36855   0.39735
312  312   7.00000  14.00000  -0.36855   0.39735
313  313  13.00000  14.00000   1.53996   0.98677
314  314   4.00000  14.00000  -0.77399   0.41986
315  315   6.00000  14.00000  -0.49930   0.39566
316  316   3.00000  14.00000  -0.93474   0.45108
317  317   2.00000  14.00000  -1.13180   0.50630
318  318   4.00000  14.00000  -0.77399   0.41986
319  319  11.00000  14.00000   0.32520   0.54018
320  320   8.00000  14.00000  -0.23325   0.40820
321  321   2.00000  14.00000  -1.13180   0.50630
322  322   5.00000  14.00000  -0.63210   0.40270
323  323   6.00000  14.00000  -0.49930   0.39566
324  324   5.00000  14.00000  -0.63210   0.40270
325  325  11.00000  14.00000   0.32520   0.54018
326  326  11.00000  14.00000   0.32520   0.54018
327  327   9.00000  14.00000  -0.08458   0.43020
328  328   6.00000  14.00000  -0.49930   0.39566
329  329   8.00000  14.00000  -0.23325   0.40820
330  330   5.00000  14.00000  -0.63210   0.40270
331  331   2.00000  14.00000  -1.13180   0.50630
332  332   8.00000  14.00000  -0.23325   0.40820
333  333  12.00000  14.00000   0.71421   0.68389
334  334  12.00000  14.00000   0.71421   0.68389
335  335   5.00000  14.00000  -0.63210   0.40270
336  336   2.00000  14.00000  -1.13180   0.50630
337  337  13.00000  14.00000   1.53996   0.98677
338  338  13.00000  14.00000   1.53996   0.98677
339  339   7.00000  14.00000  -0.36855   0.39735
340  340  11.00000  14.00000   0.32520   0.54018
341  341   6.00000  14.00000  -0.49930   0.39566
342  342  12.00000  14.00000   0.71421   0.68389
343  343  12.00000  14.00000   0.71421   0.68389
345  345  10.00000  14.00000   0.09119   0.46926
346  346  11.00000  14.00000   0.32520   0.54018
347  347   8.00000  14.00000  -0.23325   0.40820
348  348  10.00000  14.00000   0.09119   0.46926
353  353   9.00000  13.00000   0.39410   0.59715
354  354   8.00000  13.00000   0.07432   0.56586
355  355   7.00000  13.00000  -0.22147   0.54547
357  357  10.00000  13.00000   0.75394   0.64799
358  358   7.00000  13.00000  -0.22147   0.54547
359  359   1.00000   6.00000  -1.30145   1.27685
360  360   5.00000  13.00000  -0.75147   0.53333
361  361   5.00000  13.00000  -0.75147   0.53333
362  362   7.00000  13.00000  -0.22147   0.54547
364  364  10.00000  13.00000   0.75394   0.64799
365  365   8.00000  13.00000   0.07432   0.56586
366  366   4.00000  13.00000  -1.00261   0.54896
367  367  10.00000  13.00000   0.75394   0.64799
368  368   7.00000  13.00000  -0.22147   0.54547
369  369   6.00000  13.00000  -0.49525   0.53376
370  370   9.00000  13.00000   0.39410   0.59715
371  371   8.00000  13.00000   0.07432   0.56586
372  372   9.00000  13.00000   0.39410   0.59715
374  374   7.00000  13.00000  -0.22147   0.54547
375  375   9.00000  13.00000   0.39410   0.59715
376  376   6.00000  10.00000  -0.23548   0.65060
377  377   6.00000  13.00000  -0.49525   0.53376
378  378   8.00000  13.00000   0.07432   0.56586
379  379   7.00000  13.00000  -0.22147   0.54547
380  380   9.00000  13.00000   0.39410   0.59715
381  381   7.00000  13.00000  -0.22147   0.54547
382  382   7.00000  13.00000  -0.22147   0.54547
383  383   7.00000  13.00000  -0.22147   0.54547
384  384  10.00000  13.00000   0.75394   0.64799
385  385   7.00000  13.00000  -0.22147   0.54547
386  386  12.00000  12.00000   2.24604   1.41856
387  387   4.00000   6.00000   0.30785   0.93024
388  388  10.00000  12.00000   0.61686   0.69218
389  389   8.00000  12.00000  -0.07268   0.56711
390  390  12.00000  12.00000   2.24604   1.41856
391  391   5.00000   6.00000   1.00013   1.00546
393  393   9.00000  12.00000   0.23086   0.60897
394  394  11.00000  12.00000   1.17251   0.86216
395  395   8.00000  12.00000  -0.07268   0.56711
396  396   8.00000  12.00000  -0.07268   0.56711
397  397   7.00000  12.00000  -0.34453   0.55031
398  398   7.00000  12.00000  -0.34453   0.55031
399  399  10.00000  12.00000   0.61686   0.69218
400  400  11.00000  12.00000   1.17251   0.86216
401  401   9.00000  12.00000   0.23086   0.60897
402  402  10.00000  12.00000   0.61686   0.69218
403  403   9.00000  12.00000   0.23086   0.60897
404  404  10.00000  12.00000   0.61686   0.69218
405  405   9.00000  12.00000   0.23086   0.60897
406  406  10.00000  12.00000   0.61686   0.69218
407  407  10.00000  12.00000   0.61686   0.69218
408  408  11.00000  12.00000   1.17251   0.86216
409  409   6.00000  12.00000  -0.61395   0.55134
410  410   0.00000   3.00000  -1.78735   1.08335
411  411  10.00000  12.00000   0.61686   0.69218
412  412  11.00000  12.00000   1.17251   0.86216
413  413   8.00000  12.00000  -0.07268   0.56711
414  414   9.00000  12.00000   0.23086   0.60897
415  415   9.00000  12.00000   0.23086   0.60897
416  416  10.00000  12.00000   0.61686   0.69218
417  417   9.00000  12.00000   0.23086   0.60897
418  418   3.00000   3.00000  -0.14823   1.21775
419  419  10.00000  12.00000   0.61686   0.69218
420  420   6.00000   6.00000   1.68903   1.47397
422  422   3.00000   6.00000  -0.88421   0.79055
423  423   5.00000   6.00000   0.62662   1.03601
424  424   3.00000   6.00000  -0.88421   0.79055
425  425   6.00000   6.00000   1.68903   1.47397
426  426   3.00000   6.00000  -0.88421   0.79055
427  427   2.00000   6.00000  -1.31400   0.81903
428  428   4.00000   6.00000  -0.29981   0.87809
429  429   4.00000   6.00000  -0.29981   0.87809
430  430   3.00000   6.00000  -0.88421   0.79055
431  431   5.00000   6.00000   0.62662   1.03601
432  432   5.00000   6.00000   0.62662   1.03601
433  433   6.00000   6.00000   1.68903   1.47397
434  434   3.00000   6.00000  -0.88421   0.79055
435  435   4.00000   6.00000  -0.29981   0.87809
436  436   5.00000   6.00000   0.62662   1.03601
437  437   3.00000   6.00000  -0.88421   0.79055
438  438   1.00000   6.00000  -1.87340   1.04260
439  439   4.00000   6.00000  -0.29981   0.87809
440  440   6.00000   6.00000   1.68903   1.47397
441  441   4.00000   6.00000  -0.29981   0.87809
442  442   4.00000   6.00000  -0.29981   0.87809
443  443   4.00000   6.00000  -0.29981   0.87809
444  444   6.00000   6.00000   1.68903   1.47397
445  445   3.00000   6.00000  -0.88421   0.79055
446  446   5.00000   6.00000   0.62662   1.03601
447  447   4.00000   6.00000  -0.29981   0.87809
448  448   4.00000   6.00000  -0.29981   0.87809
449  449   4.00000   6.00000  -0.29981   0.87809
451  451   6.00000   6.00000   1.68903   1.47397
452  452   7.00000  10.00000   0.19230   0.53962
453  453  10.00000  10.00000   2.04025   1.39271
454  454   9.00000  10.00000   0.96767   0.79344
456  456  10.00000  10.00000   2.04025   1.39271
457  457   4.00000  10.00000  -0.41281   0.48228
458  458   2.00000  10.00000  -0.82609   0.55651
459  459   9.00000  10.00000   0.96767   0.79344
461  461  10.00000  10.00000   2.04025   1.39271
462  462   4.00000  10.00000  -0.41281   0.48228
463  463   5.00000  10.00000  -0.23046   0.48074
464  464   7.00000  10.00000   0.19230   0.53962
465  465   6.00000  10.00000  -0.03663   0.49805
466  466   7.00000  10.00000   0.19230   0.53962
467  467   7.00000  10.00000   0.19230   0.53962
469  469   2.00000  10.00000  -0.82609   0.55651
470  470   8.00000  10.00000   0.49679   0.62121
471  471   9.00000  10.00000   0.96767   0.79344
472  472   6.00000  10.00000  -0.03663   0.49805
473  473   7.00000  10.00000   0.19230   0.53962
474  474   8.00000  10.00000   0.49679   0.62121
476  476   9.00000  10.00000   0.96767   0.79344
477  477   1.00000  10.00000  -1.14493   0.67675
478  478   6.00000  10.00000  -0.03663   0.49805
479  479   5.00000  10.00000  -0.23046   0.48074
480  480   6.00000  10.00000  -0.03663   0.49805
481  481   9.00000  10.00000   0.96767   0.79344
482  482   8.00000  10.00000   0.49679   0.62121
483  483   8.00000  10.00000   0.49679   0.62121
484  484  10.00000  13.00000   0.40320   0.55813
486  486  10.00000  13.00000   0.40320   0.55813
487  487  10.00000  13.00000   0.40320   0.55813
488  488   3.00000   6.00000  -0.29897   0.62196
489  489  11.00000  13.00000   0.78753   0.69887
490  490  10.00000  13.00000   0.40320   0.55813
491  491   3.00000  13.00000  -0.86013   0.49654
492  492   8.00000  13.00000  -0.03200   0.45348
493  493   9.00000  13.00000   0.15774   0.49014
494  494  11.00000  13.00000   0.78753   0.69887
495  495  10.00000  13.00000   0.40320   0.55813
496  496  10.00000  13.00000   0.40320   0.55813
497  497  11.00000  13.00000   0.78753   0.69887
498  498   6.00000  13.00000  -0.34904   0.42980
499  499   7.00000  13.00000  -0.19601   0.43512
500  500   0.00000  13.00000  -2.54833   1.33942
501  501   2.00000  13.00000  -1.11358   0.57210
502  502   9.00000  13.00000   0.15774   0.49014
503  503  13.00000  13.00000   3.76796   1.93119
504  504   0.00000  13.00000  -2.54833   1.33942
505  505   9.00000  13.00000   0.15774   0.49014
506  506  11.00000  13.00000   0.78753   0.69887
508  508   0.00000   3.00000  -2.01113   1.76532
509  509  10.00000  13.00000   0.40320   0.55813
510  510   8.00000  13.00000  -0.03200   0.45348
511  511   3.00000   3.00000   3.74985   2.18684
512  512   8.00000  13.00000  -0.03200   0.45348
514  514   2.00000   3.00000   0.97278   1.57035
515  515  10.00000  13.00000   0.40320   0.55813
516  516  10.00000  13.00000   0.40320   0.55813
517  517  12.00000  13.00000   1.70912   1.08162
518  518   6.00000  13.00000  -0.34904   0.42980
519  519  12.00000  13.00000   1.70912   1.08162
520  520   3.00000  13.00000  -0.86013   0.49654
521  521  11.00000  13.00000   0.78753   0.69887
522  522  10.00000  13.00000   0.40320   0.55813
523  523   9.00000  13.00000   0.15774   0.49014
524  524   5.00000  13.00000  -0.50244   0.43645
525  525  11.00000  13.00000   0.78753   0.69887
526  526   8.00000  13.00000  -0.03200   0.45348
527  527  11.00000  13.00000   0.78753   0.69887
528  528  12.00000  13.00000   1.70912   1.08162
529  529  12.00000  13.00000   1.70912   1.08162
530  530  10.00000  14.00000   0.09119   0.46926
531  531  10.00000  14.00000   0.09119   0.46926
532  532  11.00000  14.00000   0.32520   0.54018
533  533  10.00000  14.00000   0.09119   0.46926
534  534   5.00000  10.00000  -0.40036   0.49208
535  535   2.00000  14.00000  -1.13180   0.50630
536  536  11.00000  14.00000   0.32520   0.54018
537  537  12.00000  14.00000   0.71421   0.68389
538  538  12.00000  14.00000   0.71421   0.68389
539  539  12.00000  14.00000   0.71421   0.68389
540  540  13.00000  14.00000   1.53996   0.98677
542  542   7.00000  14.00000  -0.36855   0.39735
543  543   9.00000  14.00000  -0.08458   0.43020
544  544   9.00000  14.00000  -0.08458   0.43020
545  545  13.00000  14.00000   1.53996   0.98677
546  546  12.00000  14.00000   0.71421   0.68389
547  547   5.00000  14.00000  -0.63210   0.40270
548  548  10.00000  14.00000   0.09119   0.46926
549  549  11.00000  14.00000   0.32520   0.54018
551  551  10.00000  14.00000   0.09119   0.46926
552  552  10.00000  14.00000   0.09119   0.46926
553  553   6.00000  14.00000  -0.49930   0.39566
554  554  11.00000  14.00000   0.32520   0.54018
555  555  11.00000  14.00000   0.32520   0.54018
556  556  12.00000  14.00000   0.71421   0.68389
557  557  12.00000  14.00000   0.71421   0.68389
558  558  12.00000  14.00000   0.71421   0.68389
559  559  12.00000  14.00000   0.71421   0.68389
560  560  13.00000  14.00000   1.53996   0.98677
561  561  11.00000  13.00000   1.19802   0.73861
562  562   7.00000  13.00000  -0.22147   0.54547
563  563   5.00000  13.00000  -0.75147   0.53333
564  564   5.00000  13.00000  -0.75147   0.53333
565  565   9.00000  13.00000   0.39410   0.59715
566  566   8.00000  13.00000   0.07432   0.56586
567  567  10.00000  13.00000   0.75394   0.64799
568  568  10.00000  13.00000   0.75394   0.64799
569  569   9.00000  13.00000   0.39410   0.59715
570  570   7.00000  13.00000  -0.22147   0.54547
571  571   7.00000  13.00000  -0.22147   0.54547
572  572   9.00000  13.00000   0.39410   0.59715
573  573   8.00000  13.00000   0.07432   0.56586
574  574   9.00000  13.00000   0.39410   0.59715
575  575   7.00000  13.00000  -0.22147   0.54547
576  576   4.00000  13.00000  -1.00261   0.54896
577  577   7.00000  13.00000  -0.22147   0.54547
578  578   7.00000  13.00000  -0.22147   0.54547
579  579   7.00000  13.00000  -0.22147   0.54547
581  581   7.00000  13.00000  -0.22147   0.54547
582  582   8.00000  13.00000   0.07432   0.56586
583  583   7.00000  13.00000  -0.22147   0.54547
584  584   3.00000  13.00000  -1.27007   0.59005
585  585   7.00000  13.00000  -0.22147   0.54547
586  586   7.00000  13.00000  -0.22147   0.54547
587  587   7.00000  13.00000  -0.22147   0.54547
588  588   9.00000  13.00000   0.39410   0.59715
589  589   6.00000  13.00000  -0.49525   0.53376
590  590   8.00000  13.00000   0.07432   0.56586
591  591   7.00000  13.00000  -0.22147   0.54547
592  592   7.00000  13.00000  -0.22147   0.54547
593  593   3.00000  13.00000  -1.27007   0.59005
594  594   8.00000  13.00000   0.07432   0.56586
595  595   6.00000  13.00000  -0.49525   0.53376
596  596   8.00000  13.00000   0.07432   0.56586
597  597   7.00000  13.00000  -0.22147   0.54547
598  598  11.00000  13.00000   1.19802   0.73861
600  600  11.00000  13.00000   1.19802   0.73861
601  601   8.00000  10.00000   0.86131   0.83046
602  602   9.00000  13.00000   0.39410   0.59715
603  603   9.00000  13.00000   0.39410   0.59715
604  604  11.00000  13.00000   1.19802   0.73861
605  605   5.00000  13.00000  -0.75147   0.53333
606  606   8.00000  13.00000   0.07432   0.56586
607  607   2.00000   9.00000  -1.43222   0.76017
608  608   9.00000  13.00000   0.39410   0.59715
609  609  10.00000  13.00000   0.75394   0.64799
610  610  10.00000  13.00000   0.75394   0.64799
611  611   9.00000  13.00000   0.39410   0.59715
612  612   8.00000  13.00000   0.07432   0.56586
613  613  10.00000  13.00000   0.75394   0.64799
614  614   8.00000  13.00000   0.07432   0.56586
615  615   9.00000  13.00000   0.39410   0.59715
616  616   8.00000  13.00000   0.07432   0.56586
617  617   7.00000  13.00000  -0.22147   0.54547
618  618   8.00000  13.00000   0.07432   0.56586
619  619   8.00000  13.00000   0.07432   0.56586
620  620   6.00000  13.00000  -0.49525   0.53376
621  621   7.00000  13.00000  -0.22147   0.54547
622  622   8.00000  13.00000   0.07432   0.56586
623  623   9.00000  13.00000   0.39410   0.59715
624  624  10.00000  13.00000   0.75394   0.64799
625  625   8.00000  13.00000   0.07432   0.56586
626  626   9.00000  13.00000   0.39410   0.59715
627  627  10.00000  13.00000   0.75394   0.64799
628  628   6.00000  10.00000  -0.23548   0.65060
629  629   8.00000  13.00000   0.07432   0.56586
630  630   8.00000  13.00000   0.07432   0.56586
631  631   6.00000  13.00000  -0.49525   0.53376
632  632   4.00000  13.00000  -1.00261   0.54896
633  633  10.00000  13.00000   0.75394   0.64799
634  634   6.00000  13.00000  -0.49525   0.53376
635  635   5.00000  13.00000  -0.75147   0.53333
636  636   8.00000  13.00000   0.07432   0.56586
637  637   8.00000  13.00000   0.07432   0.56586
638  638   8.00000  13.00000   0.07432   0.56586
639  639   7.00000  13.00000  -0.22147   0.54547
640  640  10.00000  13.00000   0.75394   0.64799
641  641   5.00000  13.00000  -0.75147   0.53333
642  642   4.00000  10.00000  -0.88201   0.59491
643  643   7.00000  13.00000  -0.22147   0.54547
644  644   8.00000  13.00000   0.07432   0.56586
645  645  12.00000  12.00000   2.24604   1.41856
646  646   7.00000  12.00000  -0.34453   0.55031
647  647  10.00000  12.00000   0.61686   0.69218
648  648   7.00000  12.00000  -0.34453   0.55031
649  649   7.00000  12.00000  -0.34453   0.55031
650  650   6.00000  12.00000  -0.61395   0.55134
651  651  11.00000  12.00000   1.17251   0.86216
652  652  11.00000  12.00000   1.17251   0.86216
653  653   9.00000  12.00000   0.23086   0.60897
654  654   7.00000  12.00000  -0.34453   0.55031
655  655   8.00000  12.00000  -0.07268   0.56711
656  656   9.00000  12.00000   0.23086   0.60897
657  657   8.00000  12.00000  -0.07268   0.56711
658  658   7.00000  12.00000  -0.34453   0.55031
659  659   6.00000  12.00000  -0.61395   0.55134
660  660   7.00000  12.00000  -0.34453   0.55031
661  661   8.00000  12.00000  -0.07268   0.56711
662  662   7.00000  12.00000  -0.34453   0.55031
663  663  11.00000  12.00000   1.17251   0.86216
665  665   9.00000  12.00000   0.23086   0.60897
666  666   4.00000  12.00000  -1.19801   0.60602
667  667  10.00000  12.00000   0.61686   0.69218
669  669  10.00000  12.00000   0.61686   0.69218
670  670   2.00000   6.00000  -1.79601   1.27163
671  671   9.00000  12.00000   0.23086   0.60897
672  672  11.00000  12.00000   1.17251   0.86216
673  673   7.00000  12.00000  -0.34453   0.55031
674  674   9.00000  12.00000   0.23086   0.60897
675  675   9.00000  12.00000   0.23086   0.60897
676  676   8.00000  12.00000  -0.07268   0.56711
677  677  10.00000  12.00000   0.61686   0.69218
678  678  12.00000  12.00000   2.24604   1.41856
679  679   9.00000  12.00000   0.23086   0.60897
680  680   8.00000  12.00000  -0.07268   0.56711
681  681  10.00000  12.00000   0.61686   0.69218
682  682   6.00000  12.00000  -0.61395   0.55134
683  683   5.00000  12.00000  -0.89558   0.56825
684  684   7.00000  12.00000  -0.34453   0.55031
685  685  10.00000  12.00000   0.61686   0.69218
686  686   6.00000  12.00000  -0.61395   0.55134
687  687   8.00000  12.00000  -0.07268   0.56711
688  688   9.00000  12.00000   0.23086   0.60897
689  689   8.00000  12.00000  -0.07268   0.56711
690  690   6.00000  12.00000  -0.61395   0.55134
691  691   8.00000  12.00000  -0.07268   0.56711
692  692  11.00000  12.00000   1.17251   0.86216
693  693   7.00000  12.00000  -0.34453   0.55031
694  694  10.00000  12.00000   0.61686   0.69218
695  695   5.00000  12.00000  -0.89558   0.56825
696  696  11.00000  12.00000   1.17251   0.86216
697  697   9.00000  12.00000   0.23086   0.60897
698  698   8.00000  12.00000  -0.07268   0.56711
699  699   8.00000  12.00000  -0.07268   0.56711
700  700  10.00000  12.00000   0.61686   0.69218
701  701  10.00000  12.00000   0.61686   0.69218
702  702  10.00000  12.00000   0.61686   0.69218
703  703   8.00000  12.00000  -0.07268   0.56711
704  704   9.00000  12.00000   0.23086   0.60897
705  705   4.00000  12.00000  -1.19801   0.60602
706  706   9.00000  12.00000   0.23086   0.60897
707  707   9.00000  12.00000   0.23086   0.60897
708  708   7.00000  12.00000  -0.34453   0.55031
709  709  11.00000  12.00000   1.17251   0.86216
710  710   8.00000  12.00000  -0.07268   0.56711
711  711  11.00000  12.00000   1.17251   0.86216
712  712  11.00000  12.00000   1.17251   0.86216
713  713   9.00000  12.00000   0.23086   0.60897
714  714   7.00000  12.00000  -0.34453   0.55031
716  716  10.00000  12.00000   0.61686   0.69218
717  717   9.00000  12.00000   0.23086   0.60897
718  718  10.00000  12.00000   0.61686   0.69218
719  719  10.00000  12.00000   0.61686   0.69218
720  720  12.00000  12.00000   2.24604   1.41856
721  721  11.00000  12.00000   1.17251   0.86216
722  722   5.00000  12.00000  -0.89558   0.56825
723  723   6.00000  12.00000  -0.61395   0.55134
724  724   8.00000  12.00000  -0.07268   0.56711
725  725   6.00000  12.00000  -0.61395   0.55134
726  726   4.00000  12.00000  -1.19801   0.60602
727  727   5.00000  12.00000  -0.89558   0.56825
728  728   6.00000  12.00000  -0.61395   0.55134
729  729   8.00000  12.00000  -0.07268   0.56711
730  730  10.00000  12.00000   0.61686   0.69218
731  731   4.00000   6.00000  -0.29981   0.87809
732  732   3.00000   6.00000  -0.88421   0.79055
733  733   4.00000   6.00000  -0.29981   0.87809
734  734   4.00000   6.00000  -0.29981   0.87809
735  735   5.00000   6.00000   0.62662   1.03601
736  736   4.00000   6.00000  -0.29981   0.87809
737  737   6.00000   6.00000   1.68903   1.47397
738  738   3.00000   6.00000  -0.88421   0.79055
739  739   3.00000   6.00000  -0.88421   0.79055
740  740   3.00000   6.00000  -0.88421   0.79055
741  741   5.00000   6.00000   0.62662   1.03601
742  742   5.00000   6.00000   0.62662   1.03601
743  743   3.00000   6.00000  -0.88421   0.79055
744  744   4.00000   6.00000  -0.29981   0.87809
745  745   6.00000   6.00000   1.68903   1.47397
746  746   5.00000   6.00000   0.62662   1.03601
747  747   4.00000   6.00000  -0.29981   0.87809
748  748   1.00000   6.00000  -1.87340   1.04260
749  749   4.00000   6.00000  -0.29981   0.87809
751  751   5.00000   6.00000   0.62662   1.03601
752  752   6.00000   6.00000   1.68903   1.47397
753  753   1.00000   3.00000  -1.26035   0.87683
754  754   5.00000   6.00000   0.62662   1.03601
755  755   4.00000   6.00000  -0.29981   0.87809
756  756   6.00000   6.00000   1.68903   1.47397
757  757   4.00000   6.00000  -0.29981   0.87809
758  758   3.00000   6.00000  -0.88421   0.79055
759  759   4.00000   6.00000  -0.29981   0.87809
760  760   4.00000   6.00000  -0.29981   0.87809
761  761   3.00000   6.00000  -0.88421   0.79055
762  762   3.00000   6.00000  -0.88421   0.79055
763  763   5.00000   6.00000   0.62662   1.03601
764  764   6.00000   6.00000   1.68903   1.47397
765  765   1.00000   6.00000  -1.87340   1.04260
766  766   4.00000   6.00000  -0.29981   0.87809
767  767   6.00000   6.00000   1.68903   1.47397
769  769   5.00000   6.00000   0.62662   1.03601
770  770   5.00000   6.00000   0.62662   1.03601
771  771   2.00000   6.00000  -1.31400   0.81903
772  772   5.00000   6.00000   0.62662   1.03601
773  773   4.00000   6.00000  -0.29981   0.87809
774  774   3.00000   6.00000  -0.88421   0.79055
775  775   5.00000   6.00000   0.62662   1.03601
776  776   5.00000   6.00000   0.62662   1.03601
777  777   3.00000   6.00000  -0.88421   0.79055
778  778   4.00000   6.00000  -0.29981   0.87809
779  779   4.00000   6.00000  -0.29981   0.87809
780  780   6.00000   6.00000   1.68903   1.47397
781  781   2.00000   6.00000  -1.31400   0.81903
782  782   4.00000   6.00000  -0.29981   0.87809
783  783   5.00000   6.00000   0.62662   1.03601
784  784   4.00000   6.00000  -0.29981   0.87809
785  785   5.00000   6.00000   0.62662   1.03601
786  786   5.00000   6.00000   0.62662   1.03601
787  787   2.00000   6.00000  -1.31400   0.81903
788  788   4.00000   6.00000  -0.29981   0.87809
789  789   4.00000   6.00000  -0.29981   0.87809
790  790   4.00000   6.00000  -0.29981   0.87809
791  791   4.00000   6.00000  -0.29981   0.87809
792  792   5.00000   6.00000   0.62662   1.03601
793  793   4.00000   6.00000  -0.29981   0.87809
794  794   5.00000   6.00000   0.62662   1.03601
795  795   3.00000   6.00000  -0.88421   0.79055
796  796   6.00000   6.00000   1.68903   1.47397
797  797   4.00000   6.00000  -0.29981   0.87809
798  798   4.00000   6.00000  -0.29981   0.87809
799  799   6.00000   6.00000   1.68903   1.47397
800  800   5.00000   6.00000   0.62662   1.03601
801  801   6.00000   6.00000   1.68903   1.47397
802  802   6.00000   6.00000   1.68903   1.47397
803  803   4.00000   6.00000  -0.29981   0.87809
804  804   6.00000   6.00000   1.68903   1.47397
805  805   4.00000   6.00000  -0.29981   0.87809
806  806   6.00000   6.00000   1.68903   1.47397
807  807   3.00000   6.00000  -0.88421   0.79055
808  808   3.00000   6.00000  -0.88421   0.79055
809  809   4.00000   6.00000  -0.29981   0.87809
810  810   3.00000   6.00000  -0.88421   0.79055
811  811   1.00000   6.00000  -1.87340   1.04260
812  812   4.00000   6.00000  -0.29981   0.87809
813  813   4.00000   6.00000  -0.29981   0.87809
814  814   3.00000   6.00000  -0.88421   0.79055
815  815   5.00000   6.00000   0.62662   1.03601
816  816   8.00000  14.00000  -0.23325   0.40820
817  817   6.00000  14.00000  -0.49930   0.39566
818  818   4.00000  14.00000  -0.77399   0.41986
819  819  10.00000  14.00000   0.09119   0.46926
820  820   7.00000  14.00000  -0.36855   0.39735
821  821  13.00000  14.00000   1.53996   0.98677
822  822   9.00000  14.00000  -0.08458   0.43020
823  823   5.00000  14.00000  -0.63210   0.40270
824  824   3.00000  10.00000  -0.78085   0.50238
825  825   2.00000  14.00000  -1.13180   0.50630
827  827   5.00000  14.00000  -0.63210   0.40270
828  828   5.00000  14.00000  -0.63210   0.40270
829  829  11.00000  14.00000   0.32520   0.54018
830  830   1.00000  14.00000  -1.40719   0.61509
831  831   8.00000  13.00000  -0.03200   0.45348
832  832   6.00000  13.00000  -0.34904   0.42980
833  833   7.00000  13.00000  -0.19601   0.43512
834  834   6.00000  13.00000  -0.34904   0.42980
835  835   9.00000  13.00000   0.15774   0.49014
836  836   7.00000  13.00000  -0.19601   0.43512
837  837   9.00000  13.00000   0.15774   0.49014
838  838   2.00000  13.00000  -1.11358   0.57210
839  839  11.00000  13.00000   0.78753   0.69887
840  840  11.00000  13.00000   0.78753   0.69887
841  841   3.00000  13.00000  -0.86013   0.49654
842  842  10.00000  13.00000   0.40320   0.55813
843  843  10.00000  13.00000   0.40320   0.55813
844  844   5.00000  13.00000  -0.50244   0.43645
845  845  11.00000  13.00000   0.78753   0.69887
846  846   1.00000   6.00000  -0.95297   0.74242
848  848   4.00000  10.00000  -0.41281   0.48228
849  849   3.00000   6.00000  -0.10150   0.68258
850  850   9.00000  10.00000   0.96767   0.79344
851  851   3.00000  10.00000  -0.60272   0.50400
852  852   1.00000   6.00000  -0.90475   0.80385
853  853   7.00000  10.00000   0.19230   0.53962
854  854   6.00000  10.00000  -0.03663   0.49805
855  855   7.00000  10.00000   0.19230   0.53962
856  856   5.00000  10.00000  -0.23046   0.48074
857  857   3.00000  10.00000  -0.60272   0.50400
858  858   1.00000  10.00000  -1.14493   0.67675
859  859   6.00000  10.00000  -0.03663   0.49805
860  860   5.00000  10.00000  -0.23046   0.48074
861  861   4.00000  10.00000  -0.41281   0.48228
862  862  10.00000  10.00000   2.04025   1.39271