1  1  25.00000  36.00000  -0.23013   0.38754
2  2  30.00000  36.00000   0.78104   0.58046
3  3  23.00000  36.00000  -0.49485   0.37090
4  4  31.00000  36.00000   1.22852   0.69396
5  5  26.00000  36.00000  -0.08519   0.40330
7  7  17.00000  36.00000  -1.30913   0.39940
8  8  11.00000  24.00000  -1.21454   0.41704
10  10  28.00000  36.00000   0.25935   0.45869
11  11  15.00000  36.00000  -1.65651   0.42289
12  12  23.00000  36.00000  -0.49485   0.37090
13  13  16.00000  36.00000  -1.47628   0.41148
14  14  27.00000  36.00000   0.07510   0.42586
15  15  22.00000  36.00000  -0.62152   0.36829
16  16  23.00000  36.00000  -0.49485   0.37090
17  17  21.00000  36.00000  -0.74823   0.36893
18  18  30.00000  36.00000   0.78104   0.58046
19  19  31.00000  36.00000   1.22852   0.69396
20  20  19.00000  24.00000   0.78696   0.85126
21  21  25.00000  36.00000  -0.23013   0.38754
22  22  29.00000  36.00000   0.48363   0.50673
23  23  22.00000  36.00000  -0.62152   0.36829
24  24   8.00000  36.00000  -2.14612   0.46404
25  25  25.00000  36.00000  -0.24619   0.30672
26  26  23.00000  36.00000  -0.41880   0.29842
27  27  21.00000  36.00000  -0.58520   0.29599
28  28  36.00000  36.00000   2.31588   1.23900
30  30  34.00000  36.00000   1.03238   0.56185
31  31  21.00000  36.00000  -0.58520   0.29599
32  32   7.00000  36.00000  -2.38331   0.49853
33  33  12.00000  36.00000  -1.46066   0.36487
34  34  33.00000  36.00000   0.77166   0.48010
35  35  32.00000  36.00000   0.57418   0.42852
37  37  27.00000  36.00000  -0.05952   0.32235
38  38  13.00000  36.00000  -1.33509   0.34848
39  39  28.00000  36.00000   0.04252   0.33378
40  40  27.00000  36.00000  -0.05952   0.32235
41  41  34.00000  36.00000   1.03238   0.56185
42  42  32.00000  36.00000   0.57418   0.42852
43  43  19.00000  36.00000  -0.75199   0.29905
44  44  31.00000  36.00000   0.41290   0.39349
45  45  31.00000  36.00000   0.41290   0.39349
46  46  34.00000  36.00000   1.03238   0.56185
47  47  16.00000  36.00000  -1.01861   0.31486
48  48  26.00000  36.00000  -0.15526   0.31353
50  50  21.00000  29.00000  -0.43644   0.36538
51  51  12.00000  29.00000  -1.59208   0.39527
52  52  11.00000  29.00000  -1.75096   0.40873
53  53  25.00000  29.00000   0.14279   0.44169
54  54  22.00000  29.00000  -0.30914   0.37533
55  55  25.00000  29.00000   0.14279   0.44169
56  56  20.00000  29.00000  -0.55861   0.35911
57  57  24.00000  29.00000  -0.02525   0.41112
58  58  20.00000  29.00000  -0.55861   0.35911
59  59  24.00000  29.00000  -0.02525   0.41112
60  60  18.00000  29.00000  -0.79710   0.35527
61  61  24.00000  29.00000  -0.02525   0.41112
64  64  23.00000  29.00000  -0.17356   0.38999
65  65  16.00000  29.00000  -1.04050   0.36087
66  66  20.00000  29.00000  -0.55861   0.35911
67  67  25.00000  29.00000   0.14279   0.44169
68  68  23.00000  29.00000  -0.17356   0.38999
69  69  21.00000  29.00000  -0.43644   0.36538
70  70  16.00000  29.00000  -1.04050   0.36087
71  71  21.00000  29.00000  -0.43644   0.36538
72  72  20.00000  29.00000  -0.55861   0.35911
73  73  21.00000  29.00000  -0.43644   0.36538
74  74  22.00000  29.00000  -0.30914   0.37533
75  75  19.00000  29.00000  -0.67811   0.35588
76  76  18.00000  29.00000  -0.79710   0.35527
77  77  18.00000  37.00000  -1.30643   0.35919
78  78  23.00000  37.00000  -0.71875   0.33888
79  79  36.00000  37.00000   1.86885   0.89976
80  80  16.00000  37.00000  -1.57522   0.37221
81  81  26.00000  37.00000  -0.38833   0.34443
82  82  28.00000  37.00000  -0.15538   0.35916
83  83  28.00000  37.00000  -0.15538   0.35916
84  84  20.00000  37.00000  -1.05909   0.34781
85  85  26.00000  37.00000  -0.38833   0.34443
86  86  30.00000  37.00000   0.10616   0.38714
87  87  29.00000  37.00000  -0.02954   0.37102
88  88  23.00000  37.00000  -0.71875   0.33888
89  89  29.00000  37.00000  -0.02954   0.37102
90  90  24.00000  37.00000  -0.60919   0.33890
91  91  32.00000  37.00000   0.42648   0.43928
92  92  28.00000  37.00000  -0.15538   0.35916
93  93  20.00000  37.00000  -1.05909   0.34781
94  94  16.00000  25.00000  -1.17535   0.46103
95  95  10.00000  13.00000  -0.33270   0.71578
96  96  21.00000  25.00000  -0.00584   0.55209
98  98  22.00000  37.00000  -0.82945   0.34047
99  99  28.00000  37.00000  -0.15538   0.35916
100  100  22.00000  37.00000  -0.82945   0.34047
101  101  19.00000  37.00000  -1.18016   0.35314
102  102  20.00000  37.00000  -1.05909   0.34781
103  103  21.00000  37.00000  -0.94251   0.34350
104  104  32.00000  37.00000   0.42648   0.43928
105  105  28.00000  37.00000  -0.15538   0.35916
106  106  17.00000  25.00000  -0.96040   0.47031
107  107  28.00000  37.00000  -0.15538   0.35916
108  108  36.00000  37.00000   1.86885   0.89976
109  109  33.00000  37.00000   0.62883   0.48247
110  110  33.00000  37.00000   0.62883   0.48247
111  111  20.00000  37.00000  -1.05909   0.34781
112  112  24.00000  37.00000  -0.60919   0.33890
113  113  20.00000  37.00000  -1.05909   0.34781
114  114  29.00000  37.00000  -0.02954   0.37102
115  115  32.00000  37.00000   0.42648   0.43928
116  116  22.00000  37.00000  -0.82945   0.34047
117  117  12.00000  12.00000   1.07385   1.29874
118  118   9.00000  12.00000  -0.75147   0.68622
119  119   9.00000  12.00000  -0.75147   0.68622
120  120   8.00000  12.00000  -1.18199   0.66626
121  121   8.00000  12.00000  -1.18199   0.66626
122  122  30.00000  37.00000   0.10616   0.38714
123  123  16.00000  37.00000  -1.57522   0.37221
124  124  31.00000  37.00000   0.25595   0.40912
125  125  17.00000  37.00000  -1.43817   0.36565
126  126  19.00000  37.00000  -1.18016   0.35314
127  127  29.00000  37.00000  -0.02954   0.37102
128  128  25.00000  37.00000  -0.49950   0.34068
129  129  15.00000  37.00000  -1.71711   0.37875
130  130  19.00000  37.00000  -1.18016   0.35314
131  131  28.00000  37.00000  -0.15538   0.35916
132  132  36.00000  37.00000   1.86885   0.89976
133  133  31.00000  37.00000   0.25595   0.40912
134  134  26.00000  37.00000  -0.38833   0.34443
135  135  33.00000  37.00000   0.62883   0.48247
136  136  19.00000  37.00000  -1.18016   0.35314
137  137  22.00000  37.00000  -0.82945   0.34047
138  138  30.00000  37.00000   0.10616   0.38714
139  139  17.00000  37.00000  -1.43817   0.36565
140  140  22.00000  37.00000  -0.82945   0.34047
141  141  27.00000  37.00000  -0.27420   0.35043
142  142  20.00000  37.00000  -1.05909   0.34781
143  143  29.00000  37.00000  -0.02954   0.37102
144  144  28.00000  37.00000  -0.15538   0.35916
145  145  23.00000  37.00000  -0.71875   0.33888
146  146  16.00000  37.00000  -1.57522   0.37221
147  147   9.00000  24.00000  -1.54619   0.44913
148  148  30.00000  37.00000   0.10616   0.38714
149  149  17.00000  37.00000  -1.43817   0.36565
151  151  24.00000  37.00000  -0.60919   0.33890
152  152  22.00000  37.00000  -0.82945   0.34047
153  153  18.00000  37.00000  -1.30643   0.35919
154  154  26.00000  37.00000  -0.38833   0.34443
155  155  18.00000  24.00000  -0.13103   0.41269
156  156  21.00000  37.00000  -0.94251   0.34350
157  157  17.00000  24.00000  -0.28309   0.39991
158  158  34.00000  37.00000   0.88447   0.54874
159  159   8.00000  12.00000  -0.11095   0.49277
160  160  22.00000  37.00000  -0.82945   0.34047
161  161  28.00000  37.00000  -0.15538   0.35916
162  162  32.00000  37.00000   0.42648   0.43928
167  167  27.00000  36.00000  -0.25636   0.49509
168  168  26.00000  36.00000  -0.48106   0.47500
169  169  31.00000  36.00000   1.14665   0.74831
170  170  26.00000  36.00000  -0.48106   0.47500
171  171  24.00000  36.00000  -0.89855   0.44730
172  172  17.00000  36.00000  -2.07875   0.38586
173  173  26.00000  36.00000  -0.48106   0.47500
174  174  25.00000  36.00000  -0.69422   0.45996
175  175  26.00000  36.00000  -0.48106   0.47500
176  176  27.00000  36.00000  -0.25636   0.49509
177  177   9.00000  12.00000  -0.75728   0.68026
178  178  25.00000  36.00000  -0.69422   0.45996
179  179  31.00000  36.00000   1.14665   0.74831
180  180  24.00000  36.00000  -0.89855   0.44730
181  181  26.00000  36.00000  -0.48106   0.47500
182  182  22.00000  36.00000  -1.27940   0.42457
183  183  29.00000  36.00000   0.26968   0.56929
184  184  25.00000  36.00000  -0.69422   0.45996
185  185  12.00000  12.00000   1.09554   1.30312
186  186  12.00000  12.00000   1.09554   1.30312
187  187  26.00000  36.00000  -0.48106   0.47500
188  188  23.00000  36.00000  -1.09387   0.43563
189  189  31.00000  36.00000   1.14665   0.74831
190  190  10.00000  12.00000  -0.29849   0.73423
191  191  23.00000  36.00000  -1.09387   0.43563
192  192  25.00000  36.00000  -0.69422   0.45996
193  193  24.00000  36.00000  -0.89855   0.44730
194  194  29.00000  36.00000   0.26968   0.56929
195  195  26.00000  36.00000  -0.48106   0.47500
196  196  25.00000  36.00000  -0.69422   0.45996
198  198  24.00000  36.00000  -0.89855   0.44730
199  199  22.00000  36.00000  -1.27940   0.42457
200  200   0.00000  12.00000  -5.93300   1.83134
201  201  25.00000  36.00000  -0.69422   0.45996
203  203  31.00000  36.00000   1.14665   0.74831
204  204  31.00000  36.00000   1.14665   0.74831
205  205  24.00000  36.00000  -0.89855   0.44730
206  206  21.00000  36.00000  -1.45504   0.41428
208  208  31.00000  36.00000   1.14665   0.74831
209  209  31.00000  36.00000   1.14665   0.74831
210  210   8.00000  12.00000  -1.19325   0.64120
211  211   8.00000  12.00000  -1.19325   0.64120
212  212  10.00000  12.00000  -0.29849   0.73423
213  213   8.00000  12.00000  -1.19325   0.64120
214  214  29.00000  36.00000   0.26968   0.56929
215  215  31.00000  36.00000   1.14665   0.74831
216  216  29.00000  36.00000   0.26968   0.56929
217  217  30.00000  36.00000   0.62700   0.64042
218  218  31.00000  36.00000   1.14665   0.74831
220  220  27.00000  36.00000  -0.25636   0.49509
221  221  26.00000  36.00000  -0.48106   0.47500
222  222  22.00000  36.00000  -1.27940   0.42457
223  223  30.00000  36.00000   0.62700   0.64042
224  224  24.00000  36.00000  -0.89855   0.44730
225  225  28.00000  36.00000  -0.01193   0.52425
226  226  15.00000  24.00000  -1.05882   0.58978
227  227  27.00000  36.00000  -0.25636   0.49509
228  228  14.00000  36.00000  -2.50268   0.38227
229  229  30.00000  36.00000   0.62700   0.64042
230  230  30.00000  36.00000   0.62700   0.64042
231  231  26.00000  36.00000  -0.48106   0.47500
232  232  27.00000  36.00000  -0.25636   0.49509
233  233  24.00000  36.00000  -0.89855   0.44730
234  234  27.00000  36.00000  -0.25636   0.49509
235  235  28.00000  36.00000  -0.01193   0.52425
236  236  26.00000  36.00000  -0.48106   0.47500
237  237  31.00000  36.00000   1.14665   0.74831
238  238  26.00000  36.00000  -0.48106   0.47500
239  239  24.00000  36.00000  -0.89855   0.44730
240  240  26.00000  36.00000  -0.48106   0.47500
241  241  28.00000  36.00000  -0.01193   0.52425
242  242  16.00000  24.00000  -0.69494   0.61970
243  243  14.00000  24.00000  -1.39342   0.56267
244  244  21.00000  36.00000  -1.45504   0.41428
245  245  25.00000  36.00000  -0.69422   0.45996
246  246  24.00000  36.00000  -0.89855   0.44730
247  247  19.00000  24.00000   0.78696   0.85126
248  248  25.00000  36.00000  -0.69422   0.45996
249  249  27.00000  36.00000  -0.25636   0.49509
250  250  31.00000  36.00000   1.14665   0.74831
251  251   0.00000  12.00000  -6.79228   1.79507
252  252  26.00000  36.00000  -0.48106   0.47500
253  253  15.00000  24.00000  -1.05882   0.58978
254  254  19.00000  36.00000  -1.78005   0.39711
255  255  31.00000  36.00000   1.14665   0.74831
256  256  12.00000  12.00000   1.07385   1.29874
257  257  31.00000  36.00000   1.14665   0.74831
258  258  19.00000  24.00000   0.78696   0.85126
259  259  10.00000  12.00000  -0.30832   0.73270
260  260  19.00000  24.00000   0.78696   0.85126
261  261  22.00000  29.00000  -0.77652   0.42889
262  262  29.00000  29.00000   1.75310   1.29282
263  263  29.00000  29.00000   1.75310   1.29282
264  264  29.00000  29.00000   1.75310   1.29282
265  265  23.00000  29.00000  -0.59051   0.44577
266  266  22.00000  29.00000  -0.77652   0.42889
267  267  25.00000  29.00000  -0.16990   0.49810
268  268  23.00000  29.00000  -0.59051   0.44577
269  269  20.00000  29.00000  -1.11438   0.40441
270  270  29.00000  29.00000   1.75310   1.29282
271  271  27.00000  29.00000   0.38818   0.61885
272  272  27.00000  29.00000   0.38818   0.61885
273  273  15.00000  29.00000  -1.84733   0.38309
274  274  29.00000  29.00000   1.75310   1.29282
275  275  21.00000  29.00000  -0.95051   0.41531
276  276  18.00000  29.00000  -1.41930   0.38955
277  277  25.00000  29.00000  -0.16990   0.49810
278  278  25.00000  29.00000  -0.16990   0.49810
279  279  19.00000  29.00000  -1.26999   0.39586
280  280  19.00000  29.00000  -1.26999   0.39586
281  281  29.00000  29.00000   1.75310   1.29282
282  282  18.00000  29.00000  -1.41930   0.38955
283  283  27.00000  29.00000   0.38818   0.61885
284  284  25.00000  29.00000  -0.16990   0.49810
285  285  29.00000  29.00000   1.75310   1.29282
286  286  20.00000  29.00000  -1.11438   0.40441
287  287  25.00000  29.00000  -0.16990   0.49810
288  288   1.00000   5.00000  -2.55499   0.94940
289  289  29.00000  29.00000   1.75310   1.29282
291  291  23.00000  29.00000  -0.59051   0.44577
292  292  25.00000  29.00000  -0.16990   0.49810
293  293  18.00000  29.00000  -1.41930   0.38955
294  294  23.00000  29.00000  -0.59051   0.44577
295  295  21.00000  29.00000  -0.95051   0.41531
296  296  29.00000  29.00000   1.75310   1.29282
297  297  29.00000  29.00000   1.75310   1.29282
298  298  20.00000  29.00000  -1.11438   0.40441
299  299  29.00000  29.00000   1.75310   1.29282
300  300  19.00000  29.00000  -1.26999   0.39586
301  301  24.00000  29.00000  -0.38999   0.46782
302  302  23.00000  29.00000  -0.59051   0.44577
303  303  23.00000  29.00000  -0.59051   0.44577
304  304  25.00000  29.00000  -0.16990   0.49810
305  305  17.00000  29.00000  -1.56413   0.38534
306  306  27.00000  29.00000   0.38818   0.61885
307  307  20.00000  29.00000  -1.11438   0.40441
308  308  25.00000  29.00000  -0.16990   0.49810
309  309  23.00000  29.00000  -0.59051   0.44577
310  310  29.00000  29.00000   1.75310   1.29282
311  311  23.00000  29.00000  -0.59051   0.44577
312  312  21.00000  29.00000  -0.95051   0.41531
313  313  19.00000  29.00000  -1.26999   0.39586
314  314  20.00000  29.00000  -1.11438   0.40441
315  315  27.00000  29.00000   0.38818   0.61885
316  316  18.00000  29.00000  -1.41930   0.38955
317  317  21.00000  29.00000  -0.95051   0.41531
318  318  18.00000  29.00000  -1.41930   0.38955
319  319  21.00000  29.00000  -0.95051   0.41531
320  320  25.00000  29.00000  -0.16990   0.49810
321  321  20.00000  29.00000  -1.11438   0.40441
322  322  17.00000  29.00000  -1.56413   0.38534
323  323  24.00000  29.00000  -0.38999   0.46782
324  324  17.00000  29.00000  -1.56413   0.38534
325  325  23.00000  29.00000  -0.59051   0.44577
326  326  16.00000  29.00000  -1.70625   0.38319
327  327  22.00000  29.00000  -0.77652   0.42889
328  328  25.00000  29.00000  -0.16990   0.49810
329  329  22.00000  29.00000  -0.77652   0.42889
330  330  22.00000  29.00000  -0.77652   0.42889
331  331  22.00000  29.00000  -0.77652   0.42889
332  332  25.00000  29.00000  -0.16990   0.49810
333  333  29.00000  29.00000   1.75310   1.29282
334  334  29.00000  29.00000   1.75310   1.29282
335  335  20.00000  29.00000  -1.11438   0.40441
336  336  19.00000  29.00000  -1.26999   0.39586
337  337  29.00000  29.00000   1.75310   1.29282
338  338  22.00000  29.00000  -0.77652   0.42889
339  339  29.00000  29.00000   1.75310   1.29282
340  340  29.00000  29.00000   1.75310   1.29282
341  341  29.00000  29.00000   1.75310   1.29282
342  342  29.00000  29.00000   1.75310   1.29282
343  343  25.00000  29.00000  -0.16990   0.49810
345  345  22.00000  29.00000  -0.77652   0.42889
346  346  16.00000  24.00000  -1.16893   0.46294
347  347  25.00000  29.00000  -0.16990   0.49810
348  348  22.00000  29.00000  -0.77652   0.42889
353  353  29.00000  36.00000   0.48363   0.50673
354  354  25.00000  36.00000  -0.23013   0.38754
355  355  29.00000  36.00000   0.48363   0.50673
357  357  31.00000  36.00000   1.22852   0.69396
358  358  24.00000  36.00000  -0.36541   0.37711
360  360  29.00000  36.00000   0.48363   0.50673
361  361  25.00000  36.00000  -0.23013   0.38754
362  362  28.00000  36.00000   0.25935   0.45869
364  364  28.00000  36.00000   0.25935   0.45869
365  365  28.00000  36.00000   0.25935   0.45869
366  366  22.00000  36.00000  -0.62152   0.36829
367  367  29.00000  36.00000   0.48363   0.50673
368  368  28.00000  36.00000   0.25935   0.45869
369  369  29.00000  36.00000   0.48363   0.50673
370  370  31.00000  36.00000   1.22852   0.69396
371  371  26.00000  36.00000  -0.08519   0.40330
372  372  26.00000  36.00000  -0.08519   0.40330
374  374  17.00000  36.00000  -1.30913   0.39940
375  375  31.00000  36.00000   1.22852   0.69396
376  376  16.00000  24.00000  -0.69494   0.61970
377  377  23.00000  36.00000  -0.49485   0.37090
378  378  31.00000  36.00000   1.22852   0.69396
379  379  31.00000  36.00000   1.22852   0.69396
380  380  29.00000  36.00000   0.48363   0.50673
381  381  31.00000  36.00000   1.22852   0.69396
382  382  22.00000  36.00000  -0.62152   0.36829
383  383  26.00000  36.00000  -0.08519   0.40330
384  384  25.00000  36.00000  -0.23013   0.38754
385  385  28.00000  36.00000   0.25935   0.45869
386  386  26.00000  36.00000  -0.15526   0.31353
388  388  24.00000  36.00000  -0.33371   0.30177
389  389  29.00000  36.00000   0.15303   0.34848
390  390  36.00000  36.00000   2.31588   1.23900
393  393  19.00000  36.00000  -0.75199   0.29905
394  394  24.00000  36.00000  -0.33371   0.30177
395  395  24.00000  36.00000  -0.33371   0.30177
396  396  34.00000  36.00000   1.03238   0.56185
397  397  26.00000  36.00000  -0.15526   0.31353
398  398  30.00000  36.00000   0.27491   0.36798
399  399  36.00000  36.00000   2.31588   1.23900
400  400  36.00000  36.00000   2.31588   1.23900
401  401  29.00000  36.00000   0.15303   0.34848
402  402  33.00000  36.00000   0.77166   0.48010
403  403  30.00000  36.00000   0.27491   0.36798
404  404  36.00000  36.00000   2.31588   1.23900
405  405  34.00000  36.00000   1.03238   0.56185
406  406  36.00000  36.00000   2.31588   1.23900
407  407  21.00000  36.00000  -0.58520   0.29599
408  408  32.00000  36.00000   0.57418   0.42852
409  409  25.00000  36.00000  -0.24619   0.30672
410  410   8.00000  12.00000  -1.18199   0.66626
411  411  21.00000  36.00000  -0.58520   0.29599
412  412  27.00000  36.00000  -0.05952   0.32235
413  413  28.00000  36.00000   0.04252   0.33378
414  414  24.00000  36.00000  -0.33371   0.30177
415  415  33.00000  36.00000   0.77166   0.48010
416  416  27.00000  36.00000  -0.05952   0.32235
417  417  26.00000  36.00000  -0.15526   0.31353
418  418  19.00000  24.00000   0.02926   0.43197
419  419  30.00000  36.00000   0.27491   0.36798
420  420  23.00000  29.00000  -0.17356   0.38999
422  422  25.00000  29.00000   0.14279   0.44169
423  423  24.00000  29.00000  -0.02525   0.41112
424  424  27.00000  29.00000   0.60017   0.56408
425  425  27.00000  29.00000   0.60017   0.56408
426  426  27.00000  29.00000   0.60017   0.56408
427  427   9.00000  12.00000  -0.75147   0.68622
428  428  27.00000  29.00000   0.60017   0.56408
429  429  26.00000  29.00000   0.34278   0.48803
430  430  22.00000  29.00000  -0.30914   0.37533
431  431  29.00000  29.00000   1.83607   1.21485
432  432  29.00000  29.00000   1.83607   1.21485
433  433  27.00000  29.00000   0.60017   0.56408
434  434  21.00000  29.00000  -0.43644   0.36538
435  435  29.00000  29.00000   1.83607   1.21485
436  436  27.00000  29.00000   0.60017   0.56408
437  437  21.00000  29.00000  -0.43644   0.36538
438  438  29.00000  29.00000   1.83607   1.21485
439  439  27.00000  29.00000   0.60017   0.56408
440  440  27.00000  29.00000   0.60017   0.56408
441  441  27.00000  29.00000   0.60017   0.56408
442  442  21.00000  29.00000  -0.43644   0.36538
443  443  29.00000  29.00000   1.83607   1.21485
444  444  22.00000  29.00000  -0.30914   0.37533
445  445  24.00000  29.00000  -0.02525   0.41112
446  446  19.00000  29.00000  -0.67811   0.35588
447  447  24.00000  29.00000  -0.02525   0.41112
448  448  27.00000  29.00000   0.60017   0.56408
449  449  29.00000  29.00000   1.83607   1.21485
450  450   5.00000   5.00000  -0.51705   1.08767
451  451  24.00000  29.00000  -0.02525   0.41112
452  452  33.00000  37.00000   0.62883   0.48247
453  453  35.00000  37.00000   1.24401   0.66153
454  454  36.00000  37.00000   1.86885   0.89976
455  455  10.00000  12.00000  -0.30832   0.73270
456  456  35.00000  37.00000   1.24401   0.66153
457  457  23.00000  37.00000  -0.71875   0.33888
458  458  21.00000  37.00000  -0.94251   0.34350
459  459  36.00000  37.00000   1.86885   0.89976
461  461  35.00000  37.00000   1.24401   0.66153
462  462  28.00000  37.00000  -0.15538   0.35916
463  463  30.00000  37.00000   0.10616   0.38714
464  464  32.00000  37.00000   0.42648   0.43928
465  465  30.00000  37.00000   0.10616   0.38714
466  466  32.00000  37.00000   0.42648   0.43928
467  467  36.00000  37.00000   1.86885   0.89976
469  469  20.00000  37.00000  -1.05909   0.34781
470  470  18.00000  37.00000  -1.30643   0.35919
471  471  36.00000  37.00000   1.86885   0.89976
472  472  29.00000  37.00000  -0.02954   0.37102
473  473  22.00000  37.00000  -0.82945   0.34047
474  474  36.00000  37.00000   1.86885   0.89976
476  476  23.00000  37.00000  -0.71875   0.33888
477  477  25.00000  37.00000  -0.49950   0.34068
478  478  34.00000  37.00000   0.88447   0.54874
479  479  26.00000  37.00000  -0.38833   0.34443
480  480  24.00000  37.00000  -0.60919   0.33890
481  481  30.00000  37.00000   0.10616   0.38714
482  482  36.00000  37.00000   1.86885   0.89976
483  483  29.00000  37.00000  -0.02954   0.37102
484  484  31.00000  36.00000   1.14665   0.74831
486  486  29.00000  36.00000   0.26968   0.56929
487  487  31.00000  36.00000   1.14665   0.74831
488  488   7.00000  12.00000  -1.57611   0.60955
489  489  31.00000  36.00000   1.14665   0.74831
490  490  29.00000  36.00000   0.26968   0.56929
491  491  23.00000  36.00000  -1.09387   0.43563
492  492  31.00000  36.00000   1.14665   0.74831
493  493  27.00000  36.00000  -0.25636   0.49509
494  494  30.00000  36.00000   0.62700   0.64042
495  495  26.00000  36.00000  -0.48106   0.47500
496  496  30.00000  36.00000   0.62700   0.64042
497  497  25.00000  36.00000  -0.69422   0.45996
498  498  28.00000  36.00000  -0.01193   0.52425
499  499  28.00000  36.00000  -0.01193   0.52425
500  500  10.00000  36.00000  -3.09383   0.40931
501  501  29.00000  36.00000   0.26968   0.56929
502  502  31.00000  36.00000   1.14665   0.74831
503  503  31.00000  36.00000   1.14665   0.74831
504  504   7.00000  36.00000  -3.64626   0.46687
505  505  31.00000  36.00000   1.14665   0.74831
506  506  28.00000  36.00000  -0.01193   0.52425
508  508  12.00000  12.00000   1.07385   1.29874
509  509  29.00000  36.00000   0.26968   0.56929
510  510  28.00000  36.00000  -0.01193   0.52425
511  511   8.00000  24.00000  -2.91300   0.49456
512  512  26.00000  36.00000  -0.48106   0.47500
514  514  10.00000  12.00000  -0.30832   0.73270
515  515  27.00000  36.00000  -0.25636   0.49509
516  516  31.00000  36.00000   1.14665   0.74831
517  517  32.00000  36.00000   1.88353   0.85042
518  518  31.00000  36.00000   1.14665   0.74831
519  519  31.00000  36.00000   1.14665   0.74831
520  520  22.00000  36.00000  -1.27940   0.42457
521  521  31.00000  36.00000   1.14665   0.74831
522  522  25.00000  36.00000  -0.69422   0.45996
523  523  31.00000  36.00000   1.14665   0.74831
524  524  25.00000  36.00000  -0.69422   0.45996
525  525  27.00000  36.00000  -0.25636   0.49509
526  526  27.00000  36.00000  -0.25636   0.49509
527  527  31.00000  36.00000   1.14665   0.74831
528  528  31.00000  36.00000   1.14665   0.74831
529  529  31.00000  36.00000   1.14665   0.74831
530  530  20.00000  29.00000  -1.11438   0.40441
531  531  23.00000  29.00000  -0.59051   0.44577
532  532  23.00000  29.00000  -0.59051   0.44577
533  533  29.00000  29.00000   1.75310   1.29282
534  534  29.00000  29.00000   1.75310   1.29282
535  535  21.00000  29.00000  -0.95051   0.41531
536  536  26.00000  29.00000   0.08090   0.54332
537  537  29.00000  29.00000   1.75310   1.29282
538  538  29.00000  29.00000   1.75310   1.29282
539  539  29.00000  29.00000   1.75310   1.29282
540  540  29.00000  29.00000   1.75310   1.29282
542  542  21.00000  29.00000  -0.95051   0.41531
543  543  21.00000  29.00000  -0.95051   0.41531
544  544  29.00000  29.00000   1.75310   1.29282
545  545  24.00000  29.00000  -0.38999   0.46782
546  546  27.00000  29.00000   0.38818   0.61885
547  547  21.00000  29.00000  -0.95051   0.41531
548  548  19.00000  29.00000  -1.26999   0.39586
549  549  28.00000  29.00000   0.82419   0.77087
551  551  28.00000  29.00000   0.82419   0.77087
552  552  23.00000  29.00000  -0.59051   0.44577
553  553  21.00000  29.00000  -0.95051   0.41531
554  554  29.00000  29.00000   1.75310   1.29282
555  555  28.00000  29.00000   0.82419   0.77087
556  556  28.00000  29.00000   0.82419   0.77087
557  557  27.00000  29.00000   0.38818   0.61885
558  558  28.00000  29.00000   0.82419   0.77087
559  559  25.00000  29.00000  -0.16990   0.49810
560  560  20.00000  29.00000  -1.11438   0.40441
561  561  31.00000  36.00000   1.22852   0.69396
562  562  31.00000  36.00000   1.22852   0.69396
563  563  29.00000  36.00000   0.48363   0.50673
564  564  28.00000  36.00000   0.25935   0.45869
565  565  29.00000  36.00000   0.48363   0.50673
566  566  26.00000  36.00000  -0.08519   0.40330
567  567  31.00000  36.00000   1.22852   0.69396
568  568  31.00000  36.00000   1.22852   0.69396
569  569  26.00000  36.00000  -0.08519   0.40330
570  570  29.00000  36.00000   0.48363   0.50673
571  571  22.00000  36.00000  -0.62152   0.36829
572  572  29.00000  36.00000   0.48363   0.50673
573  573  25.00000  36.00000  -0.23013   0.38754
574  574  22.00000  36.00000  -0.62152   0.36829
575  575  24.00000  36.00000  -0.36541   0.37711
576  576  15.00000  36.00000  -1.65651   0.42289
577  577  18.00000  36.00000  -1.15506   0.38827
578  578  29.00000  36.00000   0.48363   0.50673
579  579  31.00000  36.00000   1.22852   0.69396
581  581  29.00000  36.00000   0.48363   0.50673
582  582  29.00000  36.00000   0.48363   0.50673
583  583  31.00000  36.00000   1.22852   0.69396
584  584  19.00000  36.00000  -1.01209   0.37917
585  585  31.00000  36.00000   1.22852   0.69396
586  586  27.00000  36.00000   0.07510   0.42586
587  587  30.00000  36.00000   0.78104   0.58046
588  588  25.00000  36.00000  -0.23013   0.38754
589  589  18.00000  36.00000  -1.15506   0.38827
590  590  29.00000  36.00000   0.48363   0.50673
591  591  26.00000  36.00000  -0.08519   0.40330
592  592  27.00000  36.00000   0.07510   0.42586
593  593  27.00000  36.00000   0.07510   0.42586
594  594  23.00000  36.00000  -0.49485   0.37090
595  595  24.00000  36.00000  -0.36541   0.37711
596  596  21.00000  36.00000  -0.74823   0.36893
597  597  22.00000  36.00000  -0.62152   0.36829
598  598  31.00000  36.00000   1.22852   0.69396
600  600  31.00000  36.00000   1.22852   0.69396
601  601  19.00000  24.00000   0.78696   0.85126
602  602  28.00000  36.00000   0.25935   0.45869
603  603  22.00000  36.00000  -0.62152   0.36829
604  604  23.00000  36.00000  -0.49485   0.37090
605  605  24.00000  36.00000  -0.36541   0.37711
606  606  25.00000  36.00000  -0.23013   0.38754
607  607  20.00000  36.00000  -0.87748   0.37259
608  608  22.00000  36.00000  -0.62152   0.36829
609  609  25.00000  36.00000  -0.23013   0.38754
610  610  29.00000  36.00000   0.48363   0.50673
611  611  28.00000  36.00000   0.25935   0.45869
612  612  31.00000  36.00000   1.22852   0.69396
613  613  29.00000  36.00000   0.48363   0.50673
614  614  28.00000  36.00000   0.25935   0.45869
615  615  24.00000  36.00000  -0.36541   0.37711
616  616  29.00000  36.00000   0.48363   0.50673
617  617  23.00000  36.00000  -0.49485   0.37090
618  618  29.00000  36.00000   0.48363   0.50673
619  619  24.00000  36.00000  -0.36541   0.37711
620  620  27.00000  36.00000   0.07510   0.42586
621  621  29.00000  36.00000   0.48363   0.50673
622  622  25.00000  36.00000  -0.23013   0.38754
623  623  27.00000  36.00000   0.07510   0.42586
624  624  28.00000  36.00000   0.25935   0.45869
625  625  25.00000  36.00000  -0.23013   0.38754
626  626  31.00000  36.00000   1.22852   0.69396
627  627  29.00000  36.00000   0.48363   0.50673
628  628  29.00000  36.00000   0.48363   0.50673
629  629  24.00000  36.00000  -0.36541   0.37711
630  630  29.00000  36.00000   0.48363   0.50673
631  631  31.00000  36.00000   1.22852   0.69396
632  632  29.00000  36.00000   0.48363   0.50673
633  633  29.00000  36.00000   0.48363   0.50673
634  634  29.00000  36.00000   0.48363   0.50673
635  635  25.00000  36.00000  -0.23013   0.38754
636  636  32.00000  36.00000   1.90692   0.81813
637  637  21.00000  36.00000  -0.74823   0.36893
638  638  19.00000  36.00000  -1.01209   0.37917
639  639  15.00000  36.00000  -1.65651   0.42289
640  640  27.00000  36.00000   0.07510   0.42586
641  641  23.00000  36.00000  -0.49485   0.37090
642  642  23.00000  36.00000  -0.49485   0.37090
643  643  30.00000  36.00000   0.78104   0.58046
644  644  25.00000  36.00000  -0.23013   0.38754
645  645  30.00000  36.00000   0.27491   0.36798
646  646  32.00000  36.00000   0.57418   0.42852
647  647  34.00000  36.00000   1.03238   0.56185
648  648   7.00000  36.00000  -2.38331   0.49853
649  649  24.00000  36.00000  -0.33371   0.30177
650  650  13.00000  36.00000  -1.33509   0.34848
651  651  28.00000  36.00000   0.04252   0.33378
652  652  31.00000  36.00000   0.41290   0.39349
653  653  29.00000  36.00000   0.15303   0.34848
654  654  34.00000  36.00000   1.03238   0.56185
655  655  32.00000  36.00000   0.57418   0.42852
656  656  28.00000  36.00000   0.04252   0.33378
657  657  21.00000  36.00000  -0.58520   0.29599
658  658  30.00000  36.00000   0.27491   0.36798
659  659  21.00000  36.00000  -0.58520   0.29599
660  660  24.00000  36.00000  -0.33371   0.30177
661  661  27.00000  36.00000  -0.05952   0.32235
662  662  25.00000  36.00000  -0.24619   0.30672
663  663  36.00000  36.00000   2.31588   1.23900
665  665  31.00000  36.00000   0.41290   0.39349
666  666  20.00000  36.00000  -0.66814   0.29682
667  667  34.00000  36.00000   1.03238   0.56185
669  669  32.00000  36.00000   0.57418   0.42852
671  671  20.00000  36.00000  -0.66814   0.29682
672  672  27.00000  36.00000  -0.05952   0.32235
673  673  28.00000  36.00000   0.04252   0.33378
674  674  19.00000  36.00000  -0.75199   0.29905
675  675  25.00000  36.00000  -0.24619   0.30672
676  676  30.00000  36.00000   0.27491   0.36798
677  677  31.00000  36.00000   0.41290   0.39349
678  678  31.00000  36.00000   0.41290   0.39349
679  679  26.00000  36.00000  -0.15526   0.31353
680  680  19.00000  36.00000  -0.75199   0.29905
681  681  19.00000  36.00000  -0.75199   0.29905
682  682   7.00000  36.00000  -2.38331   0.49853
683  683  28.00000  36.00000   0.04252   0.33378
684  684  34.00000  36.00000   1.03238   0.56185
685  685  36.00000  36.00000   2.31588   1.23900
686  686   7.00000  36.00000  -2.38331   0.49853
687  687  21.00000  36.00000  -0.58520   0.29599
688  688  31.00000  36.00000   0.41290   0.39349
689  689  30.00000  36.00000   0.27491   0.36798
690  690  22.00000  36.00000  -0.50235   0.29651
691  691  34.00000  36.00000   1.03238   0.56185
692  692  29.00000  36.00000   0.15303   0.34848
693  693  24.00000  36.00000  -0.33371   0.30177
694  694  34.00000  36.00000   1.03238   0.56185
695  695  34.00000  36.00000   1.03238   0.56185
696  696  27.00000  36.00000  -0.05952   0.32235
697  697  33.00000  36.00000   0.77166   0.48010
698  698  29.00000  36.00000   0.15303   0.34848
699  699  23.00000  36.00000  -0.41880   0.29842
700  700  25.00000  36.00000  -0.24619   0.30672
701  701  25.00000  36.00000  -0.24619   0.30672
702  702  32.00000  36.00000   0.57418   0.42852
703  703  28.00000  36.00000   0.04252   0.33378
704  704  20.00000  36.00000  -0.66814   0.29682
705  705   9.00000  36.00000  -1.93969   0.43392
706  706  36.00000  36.00000   2.31588   1.23900
707  707  36.00000  36.00000   2.31588   1.23900
708  708  10.00000  36.00000  -1.75931   0.40738
709  709  30.00000  36.00000   0.27491   0.36798
710  710  25.00000  36.00000  -0.24619   0.30672
711  711  32.00000  36.00000   0.57418   0.42852
712  712  32.00000  36.00000   0.57418   0.42852
713  713  30.00000  36.00000   0.27491   0.36798
714  714  22.00000  36.00000  -0.50235   0.29651
716  716  36.00000  36.00000   2.31588   1.23900
717  717  34.00000  36.00000   1.03238   0.56185
718  718  30.00000  36.00000   0.27491   0.36798
719  719  28.00000  36.00000   0.04252   0.33378
720  720  32.00000  36.00000   0.57418   0.42852
721  721  30.00000  36.00000   0.27491   0.36798
722  722  31.00000  36.00000   0.41290   0.39349
723  723  26.00000  36.00000  -0.15526   0.31353
724  724  20.00000  36.00000  -0.66814   0.29682
725  725  30.00000  36.00000   0.27491   0.36798
726  726   8.00000  36.00000  -2.14612   0.46404
727  727  23.00000  36.00000  -0.41880   0.29842
728  728   8.00000  36.00000  -2.14612   0.46404
729  729  29.00000  36.00000   0.15303   0.34848
730  730  36.00000  36.00000   2.31588   1.23900
731  731  24.00000  29.00000  -0.02525   0.41112
732  732  20.00000  29.00000  -0.55861   0.35911
733  733  22.00000  29.00000  -0.30914   0.37533
734  734  29.00000  29.00000   1.83607   1.21485
735  735  22.00000  29.00000  -0.30914   0.37533
736  736  27.00000  29.00000   0.60017   0.56408
737  737  29.00000  29.00000   1.83607   1.21485
738  738  24.00000  29.00000  -0.02525   0.41112
739  739  27.00000  29.00000   0.60017   0.56408
740  740  26.00000  29.00000   0.34278   0.48803
741  741  27.00000  29.00000   0.60017   0.56408
742  742  29.00000  29.00000   1.83607   1.21485
743  743  21.00000  29.00000  -0.43644   0.36538
744  744  27.00000  29.00000   0.60017   0.56408
745  745  21.00000  29.00000  -0.43644   0.36538
746  746  20.00000  29.00000  -0.55861   0.35911
747  747  29.00000  29.00000   1.83607   1.21485
748  748  14.00000  29.00000  -1.30196   0.37448
749  749  29.00000  29.00000   1.83607   1.21485
751  751  24.00000  29.00000  -0.02525   0.41112
752  752  21.00000  29.00000  -0.43644   0.36538
753  753   8.00000  12.00000  -1.18199   0.66626
754  754  21.00000  29.00000  -0.43644   0.36538
755  755  24.00000  29.00000  -0.02525   0.41112
756  756  29.00000  29.00000   1.83607   1.21485
757  757  29.00000  29.00000   1.83607   1.21485
758  758  29.00000  29.00000   1.83607   1.21485
759  759  23.00000  29.00000  -0.17356   0.38999
760  760  29.00000  29.00000   1.83607   1.21485
761  761  20.00000  29.00000  -0.55861   0.35911
762  762  24.00000  29.00000  -0.02525   0.41112
763  763  22.00000  29.00000  -0.30914   0.37533
764  764   9.00000  24.00000  -1.59667   0.46489
765  765  24.00000  29.00000  -0.02525   0.41112
766  766  28.00000  29.00000   0.98329   0.71398
767  767  17.00000  29.00000  -0.91730   0.35700
769  769  15.00000  29.00000  -1.16826   0.36672
770  770  27.00000  29.00000   0.60017   0.56408
771  771  29.00000  29.00000   1.83607   1.21485
772  772  27.00000  29.00000   0.60017   0.56408
773  773  25.00000  29.00000   0.14279   0.44169
774  774  27.00000  29.00000   0.60017   0.56408
775  775  27.00000  29.00000   0.60017   0.56408
776  776  27.00000  29.00000   0.60017   0.56408
777  777  18.00000  29.00000  -0.79710   0.35527
778  778  27.00000  29.00000   0.60017   0.56408
779  779  25.00000  29.00000   0.14279   0.44169
780  780  23.00000  29.00000  -0.17356   0.38999
781  781  26.00000  29.00000   0.34278   0.48803
782  782  26.00000  29.00000   0.34278   0.48803
783  783  27.00000  29.00000   0.60017   0.56408
784  784  27.00000  29.00000   0.60017   0.56408
785  785  20.00000  29.00000  -0.55861   0.35911
786  786  26.00000  29.00000   0.34278   0.48803
787  787  17.00000  29.00000  -0.91730   0.35700
788  788  26.00000  29.00000   0.34278   0.48803
789  789  20.00000  29.00000  -0.55861   0.35911
790  790  24.00000  29.00000  -0.02525   0.41112
791  791  27.00000  29.00000   0.60017   0.56408
792  792  23.00000  29.00000  -0.17356   0.38999
793  793  23.00000  29.00000  -0.17356   0.38999
794  794  27.00000  29.00000   0.60017   0.56408
795  795  21.00000  29.00000  -0.43644   0.36538
796  796  27.00000  29.00000   0.60017   0.56408
797  797  27.00000  29.00000   0.60017   0.56408
798  798  20.00000  29.00000  -0.55861   0.35911
799  799  25.00000  29.00000   0.14279   0.44169
800  800  21.00000  29.00000  -0.43644   0.36538
801  801  22.00000  29.00000  -0.30914   0.37533
802  802  21.00000  29.00000  -0.43644   0.36538
803  803  24.00000  29.00000  -0.02525   0.41112
804  804  27.00000  29.00000   0.60017   0.56408
805  805  24.00000  29.00000  -0.02525   0.41112
806  806  25.00000  29.00000   0.14279   0.44169
807  807  23.00000  29.00000  -0.17356   0.38999
808  808  20.00000  29.00000  -0.55861   0.35911
809  809  24.00000  29.00000  -0.02525   0.41112
810  810  12.00000  29.00000  -1.59208   0.39527
811  811  11.00000  29.00000  -1.75096   0.40873
812  812  21.00000  29.00000  -0.43644   0.36538
813  813  16.00000  29.00000  -1.04050   0.36087
814  814  21.00000  29.00000  -0.43644   0.36538
815  815  27.00000  29.00000   0.60017   0.56408
816  816  29.00000  29.00000   1.75310   1.29282
817  817  23.00000  29.00000  -0.59051   0.44577
818  818  21.00000  29.00000  -0.95051   0.41531
819  819  21.00000  29.00000  -0.95051   0.41531
820  820  29.00000  29.00000   1.75310   1.29282
821  821  25.00000  29.00000  -0.16990   0.49810
822  822  29.00000  29.00000   1.75310   1.29282
823  823  29.00000  29.00000   1.75310   1.29282
824  824  13.00000  17.00000  -0.83885   0.54153
825  825  22.00000  29.00000  -0.77652   0.42889
827  827  23.00000  29.00000  -0.59051   0.44577
828  828  22.00000  29.00000  -0.77652   0.42889
829  829  29.00000  29.00000   1.75310   1.29282
830  830  19.00000  29.00000  -1.26999   0.39586
831  831  31.00000  36.00000   1.14665   0.74831
832  832  30.00000  36.00000   0.62700   0.64042
833  833  23.00000  36.00000  -1.09387   0.43563
834  834  31.00000  36.00000   1.14665   0.74831
835  835  31.00000  36.00000   1.14665   0.74831
836  836  31.00000  36.00000   1.14665   0.74831
837  837  31.00000  36.00000   1.14665   0.74831
838  838  24.00000  36.00000  -0.89855   0.44730
839  839  29.00000  36.00000   0.26968   0.56929
840  840  28.00000  36.00000  -0.01193   0.52425
841  841  29.00000  36.00000   0.26968   0.56929
842  842  31.00000  36.00000   1.14665   0.74831
843  843  27.00000  36.00000  -0.25636   0.49509
844  844  27.00000  36.00000  -0.25636   0.49509
845  845  25.00000  36.00000  -0.69422   0.45996
846  846   8.00000  12.00000  -1.19325   0.64120
847  847   0.00000  12.00000  -3.14467   1.49272
848  848  36.00000  37.00000   1.86885   0.89976
849  849  17.00000  24.00000  -0.28309   0.39991
850  850  34.00000  37.00000   0.88447   0.54874
851  851  23.00000  37.00000  -0.71875   0.33888
852  852  18.00000  25.00000  -0.14380   0.40859
853  853  34.00000  37.00000   0.88447   0.54874
854  854  34.00000  37.00000   0.88447   0.54874
855  855  25.00000  37.00000  -0.49950   0.34068
856  856  36.00000  37.00000   1.86885   0.89976
857  857  36.00000  37.00000   1.86885   0.89976
858  858  31.00000  37.00000   0.25595   0.40912
859  859  35.00000  37.00000   1.24401   0.66153
860  860  29.00000  37.00000  -0.02954   0.37102
861  861  23.00000  37.00000  -0.71875   0.33888
862  862  28.00000  37.00000  -0.15538   0.35916