1  1   6.00000   8.00000  -0.08116   0.75117
2  2   7.00000   8.00000   0.44469   0.86978
3  3   7.00000   8.00000   0.44469   0.86978
4  4   5.00000   8.00000  -0.52393   0.71822
5  5   8.00000   8.00000   1.36466   1.33239
6  6   8.00000   8.00000   1.36466   1.33239
7  7   3.00000   8.00000  -1.48351   0.82525
8  8   3.00000   8.00000  -1.48351   0.82525
10  10   8.00000   8.00000   1.36466   1.33239
11  11   5.00000   8.00000  -0.52393   0.71822
12  12   4.00000   8.00000  -0.96612   0.73853
13  13   5.00000   8.00000  -0.52393   0.71822
14  14   7.00000   8.00000   0.44469   0.86978
15  15   6.00000   8.00000  -0.08116   0.75117
16  16   6.00000   8.00000  -0.08116   0.75117
17  17   6.00000   8.00000  -0.08116   0.75117
18  18   5.00000   8.00000  -0.52393   0.71822
19  19   6.00000   8.00000  -0.08116   0.75117
21  21   7.00000   8.00000   0.44469   0.86978
22  22   7.00000   8.00000   0.44469   0.86978
23  23   5.00000   8.00000  -0.52393   0.71822
24  24   4.00000   7.00000  -0.39029   0.71066
25  25   4.00000   7.00000  -0.39029   0.71066
26  26   3.00000   7.00000  -0.84176   0.74491
27  27   5.00000   7.00000   0.02816   0.72674
28  28   4.00000   7.00000  -0.39029   0.71066
30  30   7.00000   7.00000   1.18054   1.16247
31  31   2.00000   7.00000  -1.38228   0.84710
32  32   1.00000   7.00000  -2.29367   1.17030
33  33   4.00000   7.00000  -0.39029   0.71066
34  34   3.00000   7.00000  -0.84176   0.74491
35  35   7.00000   7.00000   1.18054   1.16247
37  37   5.00000   7.00000   0.02816   0.72674
38  38   5.00000   7.00000   0.02816   0.72674
39  39   4.00000   7.00000  -0.39029   0.71066
40  40   3.00000   7.00000  -0.84176   0.74491
41  41   5.00000   7.00000   0.02816   0.72674
42  42   5.00000   7.00000   0.02816   0.72674
43  43   2.00000   7.00000  -1.38228   0.84710
44  44   6.00000   7.00000   0.48047   0.81738
45  45   5.00000   7.00000   0.02816   0.72674
46  46   6.00000   7.00000   0.48047   0.81738
47  47   4.00000   7.00000  -0.39029   0.71066
48  48   5.00000   7.00000   0.02816   0.72674
50  50  11.00000  11.00000   2.92649   1.93802
51  51   2.00000  11.00000  -2.34080   0.78128
52  52   4.00000  11.00000  -1.47839   0.60762
53  53  10.00000  11.00000   0.87084   1.01699
54  54  10.00000  11.00000   0.87084   1.01699
55  55  11.00000  11.00000   2.92649   1.93802
56  56   8.00000  11.00000  -0.28710   0.63193
57  57   7.00000  11.00000  -0.60144   0.58501
58  58   6.00000  11.00000  -0.88324   0.56931
59  59  10.00000  11.00000   0.87084   1.01699
60  60   9.00000  11.00000   0.12396   0.73685
61  61   6.00000  11.00000  -0.88324   0.56931
64  64   9.00000  11.00000   0.12396   0.73685
65  65   8.00000  11.00000  -0.28710   0.63193
66  66   8.00000  11.00000  -0.28710   0.63193
67  67   7.00000  11.00000  -0.60144   0.58501
68  68   9.00000  11.00000   0.12396   0.73685
69  69   5.00000  11.00000  -1.16617   0.57687
70  70   6.00000  11.00000  -0.88324   0.56931
71  71   5.00000  11.00000  -1.16617   0.57687
72  72   7.00000  11.00000  -0.60144   0.58501
73  73   9.00000  11.00000   0.12396   0.73685
74  74   4.00000  11.00000  -1.47839   0.60762
75  75   6.00000  11.00000  -0.88324   0.56931
76  76  11.00000  11.00000   2.92649   1.93802
77  77   4.00000  11.00000  -1.33556   0.67281
78  78   8.00000  11.00000   0.41051   0.85808
79  79   7.00000  11.00000  -0.22442   0.71602
80  80   9.00000  11.00000   1.42437   0.99003
81  81   7.00000  11.00000  -0.22442   0.71602
82  82   6.00000  11.00000  -0.62365   0.65606
83  83   7.00000  11.00000  -0.22442   0.71602
84  84   8.00000  11.00000   0.41051   0.85808
85  85   7.00000  11.00000  -0.22442   0.71602
86  86   7.00000  11.00000  -0.22442   0.71602
87  87   7.00000  11.00000  -0.22442   0.71602
88  88   7.00000  11.00000  -0.22442   0.71602
89  89   9.00000  11.00000   1.42437   0.99003
90  90  10.00000  11.00000   2.38817   1.11440
91  91   8.00000  11.00000   0.41051   0.85808
92  92   8.00000  11.00000   0.41051   0.85808
93  93   6.00000  11.00000  -0.62365   0.65606
94  94   6.00000  11.00000  -0.62365   0.65606
95  95   4.00000   4.00000   2.92220   2.22269
96  96   6.00000  11.00000  -0.62365   0.65606
98  98   7.00000  11.00000  -0.22442   0.71602
99  99   8.00000  11.00000   0.41051   0.85808
100  100   6.00000  11.00000  -0.62365   0.65606
101  101   4.00000  11.00000  -1.33556   0.67281
102  102   5.00000  11.00000  -0.96880   0.64460
103  103  10.00000  11.00000   2.38817   1.11440
104  104   6.00000  11.00000  -0.62365   0.65606
105  105   4.00000  11.00000  -1.33556   0.67281
106  106   6.00000  11.00000  -0.62365   0.65606
107  107   6.00000  11.00000  -0.62365   0.65606
108  108   8.00000  11.00000   0.41051   0.85808
109  109   8.00000  11.00000   0.41051   0.85808
110  110   5.00000  11.00000  -0.96880   0.64460
111  111   6.00000  11.00000  -0.62365   0.65606
112  112   7.00000  11.00000  -0.22442   0.71602
113  113   9.00000  11.00000   1.42437   0.99003
114  114   7.00000  11.00000  -0.22442   0.71602
115  115   8.00000  11.00000   0.41051   0.85808
116  116   5.00000  11.00000  -0.96880   0.64460
117  117   3.00000   4.00000  -0.10416   1.05054
118  118   3.00000   4.00000  -0.10416   1.05054
119  119   3.00000   4.00000  -0.10416   1.05054
120  120   3.00000   4.00000  -0.10416   1.05054
121  121   3.00000   4.00000  -0.10416   1.05054
122  122   8.00000  11.00000   0.41051   0.85808
123  123   5.00000  11.00000  -0.96880   0.64460
124  124   9.00000  11.00000   1.42437   0.99003
125  125   7.00000  11.00000  -0.22442   0.71602
126  126   6.00000  11.00000  -0.62365   0.65606
127  127   7.00000  11.00000  -0.22442   0.71602
128  128   3.00000  11.00000  -1.80206   0.74753
129  129   6.00000  11.00000  -0.62365   0.65606
130  130   4.00000  11.00000  -1.33556   0.67281
131  131   6.00000  11.00000  -0.62365   0.65606
132  132   8.00000  11.00000   0.41051   0.85808
133  133   6.00000  11.00000  -0.62365   0.65606
134  134   7.00000  11.00000  -0.22442   0.71602
135  135  10.00000  11.00000   2.38817   1.11440
136  136   6.00000  11.00000  -0.62365   0.65606
137  137   8.00000  11.00000   0.41051   0.85808
138  138   7.00000  11.00000  -0.22442   0.71602
139  139   5.00000  11.00000  -0.96880   0.64460
140  140   6.00000  11.00000  -0.62365   0.65606
141  141   9.00000  11.00000   1.42437   0.99003
142  142   8.00000  11.00000   0.41051   0.85808
143  143   8.00000  11.00000   0.41051   0.85808
144  144   9.00000  11.00000   1.42437   0.99003
145  145   7.00000  11.00000  -0.22442   0.71602
146  146   5.00000  11.00000  -0.96880   0.64460
147  147   4.00000   7.00000  -0.62773   0.97592
148  148   8.00000  11.00000   0.41051   0.85808
149  149   6.00000  11.00000  -0.62365   0.65606
151  151   8.00000  11.00000   0.41051   0.85808
152  152   9.00000  11.00000   1.42437   0.99003
153  153   4.00000  11.00000  -1.33556   0.67281
154  154   8.00000  11.00000   0.41051   0.85808
155  155   5.00000   7.00000   0.48732   1.12581
156  156   4.00000  11.00000  -1.33556   0.67281
157  157   6.00000   7.00000   1.86921   1.24741
158  158   7.00000  11.00000  -0.22442   0.71602
160  160   5.00000  11.00000  -0.96880   0.64460
161  161   9.00000  11.00000   1.42437   0.99003
162  162   7.00000  11.00000  -0.22442   0.71602
167  167   4.00000   9.00000  -0.75667   0.79097
168  168   8.00000   9.00000   1.84005   1.12458
169  169   6.00000   9.00000   0.25951   0.76868
170  170   5.00000   9.00000  -0.21512   0.75300
171  171   5.00000   9.00000  -0.21512   0.75300
172  172   4.00000   9.00000  -0.75667   0.79097
173  173   5.00000   9.00000  -0.21512   0.75300
174  174   3.00000   9.00000  -1.42910   0.86167
175  175   6.00000   9.00000   0.25951   0.76868
176  176   4.00000   9.00000  -0.75667   0.79097
177  177   6.00000   9.00000   0.25951   0.76868
178  178   3.00000   9.00000  -1.42910   0.86167
179  179   5.00000   9.00000  -0.21512   0.75300
180  180   7.00000   9.00000   0.82560   0.86799
181  181   4.00000   9.00000  -0.75667   0.79097
182  182   5.00000   9.00000  -0.21512   0.75300
183  183   6.00000   9.00000   0.25951   0.76868
184  184   3.00000   9.00000  -1.42910   0.86167
185  185   3.00000   4.00000   1.83803   1.32136
186  186   7.00000   9.00000   0.82560   0.86799
187  187   5.00000   9.00000  -0.21512   0.75300
188  188   3.00000   9.00000  -1.42910   0.86167
189  189   5.00000   9.00000  -0.21512   0.75300
190  190   2.00000   4.00000   0.27488   1.40958
191  191   3.00000   9.00000  -1.42910   0.86167
192  192   5.00000   9.00000  -0.21512   0.75300
193  193   2.00000   9.00000  -2.24427   0.96763
194  194   8.00000   9.00000   1.84005   1.12458
195  195   4.00000   9.00000  -0.75667   0.79097
196  196   4.00000   9.00000  -0.75667   0.79097
198  198   5.00000   9.00000  -0.21512   0.75300
199  199   4.00000   9.00000  -0.75667   0.79097
201  201   6.00000   9.00000   0.25951   0.76868
203  203   5.00000   9.00000  -0.21512   0.75300
204  204   5.00000   9.00000  -0.21512   0.75300
205  205   6.00000   9.00000   0.25951   0.76868
206  206   4.00000   9.00000  -0.75667   0.79097
208  208   6.00000   9.00000   0.25951   0.76868
209  209   6.00000   9.00000   0.25951   0.76868
210  210   7.00000   9.00000   0.82560   0.86799
211  211   6.00000   9.00000   0.25951   0.76868
212  212   2.00000   9.00000  -2.24427   0.96763
213  213   7.00000   9.00000   0.82560   0.86799
214  214   5.00000   9.00000  -0.21512   0.75300
215  215   6.00000   9.00000   0.25951   0.76868
216  216   7.00000   9.00000   0.82560   0.86799
217  217   5.00000   9.00000  -0.21512   0.75300
218  218   6.00000   9.00000   0.25951   0.76868
220  220   3.00000   9.00000  -1.42910   0.86167
221  221   3.00000   9.00000  -1.42910   0.86167
222  222   3.00000   9.00000  -1.42910   0.86167
223  223   7.00000   9.00000   0.82560   0.86799
224  224   5.00000   9.00000  -0.21512   0.75300
225  225   4.00000   9.00000  -0.75667   0.79097
226  226   3.00000   5.00000  -0.31953   0.88454
227  227   4.00000   9.00000  -0.75667   0.79097
228  228   3.00000   5.00000  -0.31953   0.88454
229  229   5.00000   9.00000  -0.21512   0.75300
230  230   3.00000   9.00000  -1.42910   0.86167
231  231   3.00000   9.00000  -1.42910   0.86167
232  232   5.00000   9.00000  -0.21512   0.75300
233  233   6.00000   9.00000   0.25951   0.76868
234  234   2.00000   9.00000  -2.24427   0.96763
235  235   6.00000   9.00000   0.25951   0.76868
236  236   4.00000   9.00000  -0.75667   0.79097
237  237   7.00000   9.00000   0.82560   0.86799
238  238   7.00000   9.00000   0.82560   0.86799
239  239   6.00000   9.00000   0.25951   0.76868
240  240   4.00000   9.00000  -0.75667   0.79097
241  241   7.00000   9.00000   0.82560   0.86799
244  244   5.00000   9.00000  -0.21512   0.75300
245  245   4.00000   9.00000  -0.75667   0.79097
246  246   6.00000   9.00000   0.25951   0.76868
248  248   4.00000   9.00000  -0.75667   0.79097
249  249   6.00000   9.00000   0.25951   0.76868
250  250   5.00000   9.00000  -0.21512   0.75300
252  252   5.00000   9.00000  -0.21512   0.75300
253  253   3.00000   5.00000  -0.31953   0.88454
254  254   3.00000   5.00000  -0.31953   0.88454
255  255   8.00000   9.00000   1.84005   1.12458
257  257   6.00000   9.00000   0.25951   0.76868
261  261   6.00000  10.00000  -0.37586   0.77566
262  262   7.00000  10.00000   0.18233   0.81619
263  263   6.00000  10.00000  -0.37586   0.77566
264  264   6.00000  10.00000  -0.37586   0.77566
265  265   4.00000  10.00000  -1.52352   0.82347
266  266   6.00000  10.00000  -0.37586   0.77566
267  267   7.00000  10.00000   0.18233   0.81619
268  268   7.00000  10.00000   0.18233   0.81619
269  269   7.00000  10.00000   0.18233   0.81619
270  270   7.00000  10.00000   0.18233   0.81619
271  271   7.00000  10.00000   0.18233   0.81619
272  272   8.00000  10.00000   0.89257   0.92870
273  273   9.00000  10.00000   1.93768   1.13500
274  274   6.00000  10.00000  -0.37586   0.77566
275  275   5.00000  10.00000  -0.92264   0.78107
276  276   5.00000  10.00000  -0.92264   0.78107
277  277   6.00000  10.00000  -0.37586   0.77566
278  278   5.00000  10.00000  -0.92264   0.78107
279  279   5.00000  10.00000  -0.92264   0.78107
280  280   5.00000  10.00000  -0.92264   0.78107
281  281   8.00000  10.00000   0.89257   0.92870
282  282   7.00000  10.00000   0.18233   0.81619
283  283   8.00000  10.00000   0.89257   0.92870
284  284   9.00000  10.00000   1.93768   1.13500
285  285   7.00000  10.00000   0.18233   0.81619
286  286   5.00000  10.00000  -0.92264   0.78107
287  287   6.00000  10.00000  -0.37586   0.77566
288  288   3.00000   3.00000   0.11789   1.64936
289  289   7.00000  10.00000   0.18233   0.81619
291  291   5.00000  10.00000  -0.92264   0.78107
292  292   7.00000  10.00000   0.18233   0.81619
293  293   4.00000  10.00000  -1.52352   0.82347
294  294   5.00000  10.00000  -0.92264   0.78107
295  295   4.00000  10.00000  -1.52352   0.82347
296  296   6.00000  10.00000  -0.37586   0.77566
297  297   5.00000  10.00000  -0.92264   0.78107
298  298   5.00000  10.00000  -0.92264   0.78107
299  299   7.00000  10.00000   0.18233   0.81619
300  300   5.00000  10.00000  -0.92264   0.78107
301  301   6.00000  10.00000  -0.37586   0.77566
302  302   3.00000   7.00000  -1.40885   0.93638
303  303   4.00000   7.00000  -0.62773   0.97592
304  304   6.00000   7.00000   1.86921   1.24741
305  305   5.00000   7.00000   0.48732   1.12581
306  306   4.00000   7.00000  -0.62773   0.97592
307  307  10.00000  14.00000   0.23652   0.68501
308  308   8.00000  14.00000  -0.49856   0.58912
309  309  11.00000  14.00000   0.78840   0.78402
310  310  10.00000  14.00000   0.23652   0.68501
311  311   7.00000  14.00000  -0.79546   0.58004
312  312   7.00000  14.00000  -0.79546   0.58004
313  313   9.00000  14.00000  -0.16909   0.62216
314  314   8.00000  14.00000  -0.49856   0.58912
315  315   9.00000  14.00000  -0.16909   0.62216
316  316   6.00000  14.00000  -1.09428   0.59364
317  317   6.00000  14.00000  -1.09428   0.59364
318  318   7.00000  14.00000  -0.79546   0.58004
319  319   8.00000  14.00000  -0.49856   0.58912
320  320  11.00000  14.00000   0.78840   0.78402
321  321   6.00000  14.00000  -1.09428   0.59364
322  322   8.00000  14.00000  -0.49856   0.58912
323  323  13.00000  14.00000   2.43438   1.06976
324  324   8.00000  14.00000  -0.49856   0.58912
325  325  11.00000  14.00000   0.78840   0.78402
326  326   9.00000  14.00000  -0.16909   0.62216
327  327  10.00000  14.00000   0.23652   0.68501
328  328  12.00000  14.00000   1.54336   0.90486
329  329   8.00000  14.00000  -0.49856   0.58912
330  330  14.00000  14.00000   3.81705   1.66907
331  331  10.00000  14.00000   0.23652   0.68501
332  332   9.00000  14.00000  -0.16909   0.62216
333  333  10.00000  14.00000   0.23652   0.68501
334  334  11.00000  14.00000   0.78840   0.78402
335  335  10.00000  14.00000   0.23652   0.68501
336  336   6.00000  14.00000  -1.09428   0.59364
337  337  10.00000  14.00000   0.23652   0.68501
338  338   8.00000  14.00000  -0.49856   0.58912
339  339  12.00000  14.00000   1.54336   0.90486
340  340   9.00000  14.00000  -0.16909   0.62216
341  341  11.00000  14.00000   0.78840   0.78402
342  342  10.00000  14.00000   0.23652   0.68501
343  343   8.00000  14.00000  -0.49856   0.58912
344  344   2.00000   3.00000  -0.13258   1.20082
345  345   9.00000  14.00000  -0.16909   0.62216
346  346   6.00000  11.00000  -0.36561   0.66518
347  347  10.00000  14.00000   0.23652   0.68501
348  348  11.00000  14.00000   0.78840   0.78402
349  349   2.00000   3.00000  -0.13258   1.20082
350  350   2.00000   3.00000  -0.13258   1.20082
351  351   2.00000   3.00000  -0.13258   1.20082
352  352   1.00000   3.00000  -1.16835   1.49627
353  353   7.00000   8.00000   0.44469   0.86978
354  354   7.00000   8.00000   0.44469   0.86978
355  355   8.00000   8.00000   1.36466   1.33239
356  356   2.00000   8.00000  -2.37290   1.08291
357  357   6.00000   8.00000  -0.08116   0.75117
358  358   6.00000   8.00000  -0.08116   0.75117
359  359   5.00000   8.00000  -0.52393   0.71822
360  360   6.00000   8.00000  -0.08116   0.75117
361  361   7.00000   8.00000   0.44469   0.86978
362  362   5.00000   8.00000  -0.52393   0.71822
364  364   7.00000   8.00000   0.44469   0.86978
365  365   6.00000   8.00000  -0.08116   0.75117
366  366   4.00000   8.00000  -0.96612   0.73853
367  367   6.00000   8.00000  -0.08116   0.75117
368  368   6.00000   8.00000  -0.08116   0.75117
369  369   7.00000   8.00000   0.44469   0.86978
370  370   8.00000   8.00000   1.36466   1.33239
371  371   4.00000   8.00000  -0.96612   0.73853
372  372   3.00000   8.00000  -1.48351   0.82525
374  374   5.00000   8.00000  -0.52393   0.71822
375  375   8.00000   8.00000   1.36466   1.33239
377  377   6.00000   8.00000  -0.08116   0.75117
378  378   7.00000   8.00000   0.44469   0.86978
379  379   6.00000   8.00000  -0.08116   0.75117
380  380   8.00000   8.00000   1.36466   1.33239
381  381   7.00000   8.00000   0.44469   0.86978
382  382   4.00000   8.00000  -0.96612   0.73853
383  383   7.00000   8.00000   0.44469   0.86978
384  384   3.00000   8.00000  -1.48351   0.82525
385  385   7.00000   8.00000   0.44469   0.86978
386  386   7.00000   7.00000   1.18054   1.16247
388  388   5.00000   7.00000   0.02816   0.72674
389  389   4.00000   7.00000  -0.39029   0.71066
390  390   6.00000   7.00000   0.48047   0.81738
393  393   3.00000   7.00000  -0.84176   0.74491
394  394   5.00000   7.00000   0.02816   0.72674
395  395   7.00000   7.00000   1.18054   1.16247
396  396   6.00000   7.00000   0.48047   0.81738
397  397   5.00000   7.00000   0.02816   0.72674
398  398   6.00000   7.00000   0.48047   0.81738
399  399   7.00000   7.00000   1.18054   1.16247
400  400   6.00000   7.00000   0.48047   0.81738
401  401   6.00000   7.00000   0.48047   0.81738
402  402   6.00000   7.00000   0.48047   0.81738
403  403   6.00000   7.00000   0.48047   0.81738
404  404   5.00000   7.00000   0.02816   0.72674
405  405   4.00000   7.00000  -0.39029   0.71066
406  406   5.00000   7.00000   0.02816   0.72674
407  407   3.00000   7.00000  -0.84176   0.74491
408  408   6.00000   7.00000   0.48047   0.81738
409  409   4.00000   7.00000  -0.39029   0.71066
410  410   5.00000   7.00000   0.02816   0.72674
411  411   7.00000   7.00000   1.18054   1.16247
412  412   6.00000   7.00000   0.48047   0.81738
413  413   5.00000   7.00000   0.02816   0.72674
414  414   2.00000   7.00000  -1.38228   0.84710
415  415   6.00000   7.00000   0.48047   0.81738
416  416   4.00000   7.00000  -0.39029   0.71066
417  417   5.00000   7.00000   0.02816   0.72674
418  418   6.00000   7.00000   0.48047   0.81738
419  419   6.00000   7.00000   0.48047   0.81738
420  420   8.00000  11.00000  -0.28710   0.63193
422  422   5.00000  11.00000  -1.16617   0.57687
423  423  10.00000  11.00000   0.87084   1.01699
424  424   9.00000  11.00000   0.12396   0.73685
425  425   8.00000  11.00000  -0.28710   0.63193
426  426   8.00000  11.00000  -0.28710   0.63193
427  427   2.00000   9.00000  -1.79040   0.78165
428  428  10.00000  11.00000   0.87084   1.01699
429  429   8.00000  11.00000  -0.28710   0.63193
430  430   8.00000  11.00000  -0.28710   0.63193
431  431  10.00000  11.00000   0.87084   1.01699
432  432  10.00000  11.00000   0.87084   1.01699
433  433   8.00000  11.00000  -0.28710   0.63193
434  434   6.00000  11.00000  -0.88324   0.56931
435  435   9.00000  11.00000   0.12396   0.73685
436  436   9.00000  11.00000   0.12396   0.73685
437  437  10.00000  11.00000   0.87084   1.01699
438  438   9.00000  11.00000   0.12396   0.73685
439  439   9.00000  11.00000   0.12396   0.73685
440  440   8.00000  11.00000  -0.28710   0.63193
441  441   5.00000  11.00000  -1.16617   0.57687
442  442  10.00000  11.00000   0.87084   1.01699
443  443   9.00000  11.00000   0.12396   0.73685
444  444   8.00000  11.00000  -0.28710   0.63193
445  445  10.00000  11.00000   0.87084   1.01699
446  446   6.00000  11.00000  -0.88324   0.56931
447  447   8.00000  11.00000  -0.28710   0.63193
448  448  10.00000  11.00000   0.87084   1.01699
449  449  10.00000  11.00000   0.87084   1.01699
450  450   0.00000   2.00000  -2.81375   1.52346
451  451  10.00000  11.00000   0.87084   1.01699
452  452   8.00000  11.00000   0.41051   0.85808
453  453   7.00000  11.00000  -0.22442   0.71602
454  454   8.00000  11.00000   0.41051   0.85808
455  455   1.00000   4.00000  -1.16814   0.91629
456  456   8.00000  11.00000   0.41051   0.85808
457  457   8.00000  11.00000   0.41051   0.85808
458  458   9.00000  11.00000   1.42437   0.99003
459  459   5.00000  11.00000  -0.96880   0.64460
461  461   8.00000  11.00000   0.41051   0.85808
462  462   7.00000  11.00000  -0.22442   0.71602
463  463   8.00000  11.00000   0.41051   0.85808
464  464   7.00000  11.00000  -0.22442   0.71602
465  465   8.00000  11.00000   0.41051   0.85808
466  466   6.00000  11.00000  -0.62365   0.65606
467  467   9.00000  11.00000   1.42437   0.99003
469  469   3.00000  11.00000  -1.80206   0.74753
470  470   5.00000  11.00000  -0.96880   0.64460
471  471   7.00000  11.00000  -0.22442   0.71602
472  472   9.00000  11.00000   1.42437   0.99003
473  473   7.00000  11.00000  -0.22442   0.71602
474  474   7.00000  11.00000  -0.22442   0.71602
476  476   6.00000  11.00000  -0.62365   0.65606
477  477   6.00000  11.00000  -0.62365   0.65606
478  478   8.00000  11.00000   0.41051   0.85808
479  479   8.00000  11.00000   0.41051   0.85808
480  480   9.00000  11.00000   1.42437   0.99003
481  481   8.00000  11.00000   0.41051   0.85808
482  482   8.00000  11.00000   0.41051   0.85808
483  483   4.00000  11.00000  -1.33556   0.67281
484  484   7.00000   9.00000   0.82560   0.86799
486  486   6.00000   9.00000   0.25951   0.76868
487  487   7.00000   9.00000   0.82560   0.86799
488  488   3.00000   9.00000  -1.42910   0.86167
489  489   6.00000   9.00000   0.25951   0.76868
490  490   3.00000   9.00000  -1.42910   0.86167
491  491   5.00000   9.00000  -0.21512   0.75300
492  492   5.00000   9.00000  -0.21512   0.75300
493  493   5.00000   9.00000  -0.21512   0.75300
494  494   7.00000   9.00000   0.82560   0.86799
495  495   7.00000   9.00000   0.82560   0.86799
496  496   7.00000   9.00000   0.82560   0.86799
497  497   5.00000   9.00000  -0.21512   0.75300
498  498   5.00000   9.00000  -0.21512   0.75300
499  499   4.00000   9.00000  -0.75667   0.79097
500  500   3.00000   9.00000  -1.42910   0.86167
501  501   5.00000   9.00000  -0.21512   0.75300
502  502   7.00000   9.00000   0.82560   0.86799
503  503   7.00000   9.00000   0.82560   0.86799
504  504   5.00000   9.00000  -0.21512   0.75300
505  505   7.00000   9.00000   0.82560   0.86799
506  506   6.00000   9.00000   0.25951   0.76868
509  509   6.00000   9.00000   0.25951   0.76868
510  510   6.00000   9.00000   0.25951   0.76868
512  512   4.00000   9.00000  -0.75667   0.79097
515  515   5.00000   9.00000  -0.21512   0.75300
516  516   5.00000   9.00000  -0.21512   0.75300
517  517   6.00000   9.00000   0.25951   0.76868
518  518   6.00000   9.00000   0.25951   0.76868
519  519   7.00000   9.00000   0.82560   0.86799
520  520   7.00000   9.00000   0.82560   0.86799
521  521   7.00000   9.00000   0.82560   0.86799
522  522   7.00000   9.00000   0.82560   0.86799
523  523   5.00000   9.00000  -0.21512   0.75300
524  524   6.00000   9.00000   0.25951   0.76868
525  525   6.00000   9.00000   0.25951   0.76868
526  526   5.00000   9.00000  -0.21512   0.75300
527  527   3.00000   9.00000  -1.42910   0.86167
528  528   5.00000   9.00000  -0.21512   0.75300
529  529   4.00000   9.00000  -0.75667   0.79097
530  530   5.00000  10.00000  -0.92264   0.78107
531  531   6.00000  10.00000  -0.37586   0.77566
532  532   4.00000  10.00000  -1.52352   0.82347
533  533   8.00000  10.00000   0.89257   0.92870
534  534   5.00000   7.00000   0.48732   1.12581
535  535   7.00000  10.00000   0.18233   0.81619
536  536   8.00000  10.00000   0.89257   0.92870
537  537   7.00000  10.00000   0.18233   0.81619
538  538   8.00000  10.00000   0.89257   0.92870
539  539   8.00000  10.00000   0.89257   0.92870
540  540   6.00000  10.00000  -0.37586   0.77566
542  542   6.00000  10.00000  -0.37586   0.77566
543  543   7.00000  10.00000   0.18233   0.81619
544  544   8.00000  10.00000   0.89257   0.92870
545  545   8.00000  10.00000   0.89257   0.92870
546  546   8.00000  10.00000   0.89257   0.92870
547  547   9.00000  14.00000  -0.16909   0.62216
548  548   6.00000  14.00000  -1.09428   0.59364
549  549  11.00000  14.00000   0.78840   0.78402
550  550   3.00000   3.00000   0.85616   1.51942
551  551   6.00000  14.00000  -1.09428   0.59364
552  552   6.00000  14.00000  -1.09428   0.59364
553  553  10.00000  14.00000   0.23652   0.68501
554  554  11.00000  14.00000   0.78840   0.78402
555  555  11.00000  14.00000   0.78840   0.78402
556  556   9.00000  14.00000  -0.16909   0.62216
557  557  11.00000  14.00000   0.78840   0.78402
558  558  11.00000  14.00000   0.78840   0.78402
559  559   8.00000  14.00000  -0.49856   0.58912
560  560   9.00000  14.00000  -0.16909   0.62216
561  561   6.00000   8.00000  -0.08116   0.75117
562  562   7.00000   8.00000   0.44469   0.86978
563  563   8.00000   8.00000   1.36466   1.33239
564  564   6.00000   8.00000  -0.08116   0.75117
565  565   8.00000   8.00000   1.36466   1.33239
566  566   8.00000   8.00000   1.36466   1.33239
567  567   6.00000   8.00000  -0.08116   0.75117
568  568   8.00000   8.00000   1.36466   1.33239
569  569   5.00000   8.00000  -0.52393   0.71822
570  570   6.00000   8.00000  -0.08116   0.75117
571  571   7.00000   8.00000   0.44469   0.86978
572  572   6.00000   8.00000  -0.08116   0.75117
573  573   7.00000   8.00000   0.44469   0.86978
574  574   6.00000   8.00000  -0.08116   0.75117
575  575   6.00000   8.00000  -0.08116   0.75117
576  576   4.00000   8.00000  -0.96612   0.73853
577  577   7.00000   8.00000   0.44469   0.86978
578  578   6.00000   8.00000  -0.08116   0.75117
579  579   6.00000   8.00000  -0.08116   0.75117
581  581   4.00000   8.00000  -0.96612   0.73853
582  582   7.00000   8.00000   0.44469   0.86978
583  583   7.00000   8.00000   0.44469   0.86978
584  584   6.00000   8.00000  -0.08116   0.75117
585  585   8.00000   8.00000   1.36466   1.33239
586  586   7.00000   8.00000   0.44469   0.86978
587  587   7.00000   8.00000   0.44469   0.86978
588  588   7.00000   8.00000   0.44469   0.86978
589  589   5.00000   8.00000  -0.52393   0.71822
590  590   8.00000   8.00000   1.36466   1.33239
591  591   5.00000   8.00000  -0.52393   0.71822
592  592   6.00000   8.00000  -0.08116   0.75117
593  593   6.00000   8.00000  -0.08116   0.75117
594  594   6.00000   8.00000  -0.08116   0.75117
595  595   6.00000   8.00000  -0.08116   0.75117
596  596   3.00000   8.00000  -1.48351   0.82525
597  597   4.00000   8.00000  -0.96612   0.73853
598  598   5.00000   8.00000  -0.52393   0.71822
599  599   3.00000   8.00000  -1.48351   0.82525
600  600   8.00000   8.00000   1.36466   1.33239
602  602   6.00000   8.00000  -0.08116   0.75117
603  603   7.00000   8.00000   0.44469   0.86978
604  604   5.00000   8.00000  -0.52393   0.71822
605  605   4.00000   8.00000  -0.96612   0.73853
606  606   4.00000   8.00000  -0.96612   0.73853
607  607   5.00000   8.00000  -0.52393   0.71822
608  608   5.00000   8.00000  -0.52393   0.71822
609  609   7.00000   8.00000   0.44469   0.86978
610  610   7.00000   8.00000   0.44469   0.86978
611  611   4.00000   8.00000  -0.96612   0.73853
612  612   8.00000   8.00000   1.36466   1.33239
613  613   6.00000   8.00000  -0.08116   0.75117
614  614   5.00000   8.00000  -0.52393   0.71822
615  615   5.00000   8.00000  -0.52393   0.71822
616  616   6.00000   8.00000  -0.08116   0.75117
617  617   6.00000   8.00000  -0.08116   0.75117
618  618   8.00000   8.00000   1.36466   1.33239
619  619   5.00000   8.00000  -0.52393   0.71822
620  620   7.00000   8.00000   0.44469   0.86978
621  621   5.00000   8.00000  -0.52393   0.71822
622  622   8.00000   8.00000   1.36466   1.33239
623  623   8.00000   8.00000   1.36466   1.33239
624  624   6.00000   8.00000  -0.08116   0.75117
625  625   5.00000   8.00000  -0.52393   0.71822
626  626   5.00000   8.00000  -0.52393   0.71822
627  627   6.00000   8.00000  -0.08116   0.75117
629  629   6.00000   8.00000  -0.08116   0.75117
630  630   7.00000   8.00000   0.44469   0.86978
631  631   6.00000   8.00000  -0.08116   0.75117
632  632   4.00000   8.00000  -0.96612   0.73853
633  633   8.00000   8.00000   1.36466   1.33239
634  634   6.00000   8.00000  -0.08116   0.75117
635  635   7.00000   8.00000   0.44469   0.86978
636  636   6.00000   8.00000  -0.08116   0.75117
637  637   4.00000   8.00000  -0.96612   0.73853
638  638   6.00000   8.00000  -0.08116   0.75117
639  639   6.00000   8.00000  -0.08116   0.75117
640  640   7.00000   8.00000   0.44469   0.86978
641  641   3.00000   8.00000  -1.48351   0.82525
643  643   6.00000   8.00000  -0.08116   0.75117
644  644   6.00000   8.00000  -0.08116   0.75117
645  645   5.00000   7.00000   0.02816   0.72674
646  646   7.00000   7.00000   1.18054   1.16247
647  647   4.00000   7.00000  -0.39029   0.71066
648  648   4.00000   7.00000  -0.39029   0.71066
649  649   5.00000   7.00000   0.02816   0.72674
650  650   4.00000   7.00000  -0.39029   0.71066
651  651   5.00000   7.00000   0.02816   0.72674
652  652   5.00000   7.00000   0.02816   0.72674
653  653   2.00000   7.00000  -1.38228   0.84710
654  654   7.00000   7.00000   1.18054   1.16247
655  655   4.00000   7.00000  -0.39029   0.71066
656  656   6.00000   7.00000   0.48047   0.81738
657  657   5.00000   7.00000   0.02816   0.72674
658  658   4.00000   7.00000  -0.39029   0.71066
659  659   7.00000   7.00000   1.18054   1.16247
660  660   7.00000   7.00000   1.18054   1.16247
661  661   5.00000   7.00000   0.02816   0.72674
662  662   5.00000   7.00000   0.02816   0.72674
663  663   5.00000   7.00000   0.02816   0.72674
665  665   7.00000   7.00000   1.18054   1.16247
666  666   3.00000   7.00000  -0.84176   0.74491
667  667   7.00000   7.00000   1.18054   1.16247
669  669   5.00000   7.00000   0.02816   0.72674
671  671   5.00000   7.00000   0.02816   0.72674
672  672   3.00000   7.00000  -0.84176   0.74491
673  673   5.00000   7.00000   0.02816   0.72674
674  674   6.00000   7.00000   0.48047   0.81738
675  675   5.00000   7.00000   0.02816   0.72674
676  676   4.00000   7.00000  -0.39029   0.71066
677  677   5.00000   7.00000   0.02816   0.72674
678  678   4.00000   7.00000  -0.39029   0.71066
679  679   3.00000   7.00000  -0.84176   0.74491
680  680   3.00000   7.00000  -0.84176   0.74491
681  681   4.00000   7.00000  -0.39029   0.71066
682  682   2.00000   7.00000  -1.38228   0.84710
683  683   2.00000   7.00000  -1.38228   0.84710
684  684   3.00000   7.00000  -0.84176   0.74491
685  685   7.00000   7.00000   1.18054   1.16247
686  686   4.00000   7.00000  -0.39029   0.71066
687  687   5.00000   7.00000   0.02816   0.72674
688  688   4.00000   7.00000  -0.39029   0.71066
689  689   7.00000   7.00000   1.18054   1.16247
690  690   3.00000   7.00000  -0.84176   0.74491
691  691   7.00000   7.00000   1.18054   1.16247
692  692   7.00000   7.00000   1.18054   1.16247
693  693   7.00000   7.00000   1.18054   1.16247
694  694   6.00000   7.00000   0.48047   0.81738
695  695   6.00000   7.00000   0.48047   0.81738
696  696   7.00000   7.00000   1.18054   1.16247
697  697   5.00000   7.00000   0.02816   0.72674
698  698   4.00000   7.00000  -0.39029   0.71066
699  699   3.00000   7.00000  -0.84176   0.74491
700  700   7.00000   7.00000   1.18054   1.16247
701  701   4.00000   7.00000  -0.39029   0.71066
702  702   6.00000   7.00000   0.48047   0.81738
703  703   3.00000   7.00000  -0.84176   0.74491
704  704   4.00000   7.00000  -0.39029   0.71066
705  705   4.00000   7.00000  -0.39029   0.71066
706  706   5.00000   7.00000   0.02816   0.72674
707  707   2.00000   7.00000  -1.38228   0.84710
708  708   4.00000   7.00000  -0.39029   0.71066
709  709   5.00000   7.00000   0.02816   0.72674
710  710   5.00000   7.00000   0.02816   0.72674
711  711   7.00000   7.00000   1.18054   1.16247
712  712   7.00000   7.00000   1.18054   1.16247
713  713   5.00000   7.00000   0.02816   0.72674
714  714   1.00000   7.00000  -2.29367   1.17030
716  716   7.00000   7.00000   1.18054   1.16247
717  717   6.00000   7.00000   0.48047   0.81738
718  718   6.00000   7.00000   0.48047   0.81738
719  719   4.00000   7.00000  -0.39029   0.71066
720  720   4.00000   7.00000  -0.39029   0.71066
721  721   7.00000   7.00000   1.18054   1.16247
722  722   2.00000   7.00000  -1.38228   0.84710
723  723   6.00000   7.00000   0.48047   0.81738
724  724   2.00000   7.00000  -1.38228   0.84710
725  725   5.00000   7.00000   0.02816   0.72674
726  726   1.00000   7.00000  -2.29367   1.17030
727  727   4.00000   7.00000  -0.39029   0.71066
728  728   3.00000   7.00000  -0.84176   0.74491
729  729   3.00000   7.00000  -0.84176   0.74491
730  730   5.00000   7.00000   0.02816   0.72674
731  731   9.00000  11.00000   0.12396   0.73685
732  732   8.00000  11.00000  -0.28710   0.63193
733  733  10.00000  11.00000   0.87084   1.01699
734  734   9.00000  11.00000   0.12396   0.73685
735  735   8.00000  11.00000  -0.28710   0.63193
736  736  10.00000  11.00000   0.87084   1.01699
737  737   9.00000  11.00000   0.12396   0.73685
738  738   9.00000  11.00000   0.12396   0.73685
739  739  10.00000  11.00000   0.87084   1.01699
740  740  10.00000  11.00000   0.87084   1.01699
741  741   9.00000  11.00000   0.12396   0.73685
742  742   9.00000  11.00000   0.12396   0.73685
743  743   9.00000  11.00000   0.12396   0.73685
744  744  10.00000  11.00000   0.87084   1.01699
745  745  10.00000  11.00000   0.87084   1.01699
746  746   8.00000  11.00000  -0.28710   0.63193
747  747  11.00000  11.00000   2.92649   1.93802
748  748   3.00000  11.00000  -1.85201   0.66845
749  749  10.00000  11.00000   0.87084   1.01699
751  751   8.00000  11.00000  -0.28710   0.63193
752  752   7.00000  11.00000  -0.60144   0.58501
753  753   6.00000   9.00000  -0.36372   0.65262
754  754   8.00000  11.00000  -0.28710   0.63193
755  755   9.00000  11.00000   0.12396   0.73685
756  756   9.00000  11.00000   0.12396   0.73685
757  757   9.00000  11.00000   0.12396   0.73685
758  758   7.00000  11.00000  -0.60144   0.58501
759  759   6.00000  11.00000  -0.88324   0.56931
760  760   9.00000  11.00000   0.12396   0.73685
761  761   6.00000  11.00000  -0.88324   0.56931
762  762   9.00000  11.00000   0.12396   0.73685
763  763   9.00000  11.00000   0.12396   0.73685
764  764   7.00000   9.00000   0.05205   0.74966
765  765   7.00000  11.00000  -0.60144   0.58501
766  766   9.00000  11.00000   0.12396   0.73685
767  767   6.00000  11.00000  -0.88324   0.56931
769  769   7.00000  11.00000  -0.60144   0.58501
770  770  10.00000  11.00000   0.87084   1.01699
771  771   7.00000  11.00000  -0.60144   0.58501
772  772   9.00000  11.00000   0.12396   0.73685
773  773  10.00000  11.00000   0.87084   1.01699
774  774   9.00000  11.00000   0.12396   0.73685
775  775   9.00000  11.00000   0.12396   0.73685
776  776   9.00000  11.00000   0.12396   0.73685
777  777   9.00000  11.00000   0.12396   0.73685
778  778   8.00000  11.00000  -0.28710   0.63193
779  779  10.00000  11.00000   0.87084   1.01699
780  780   7.00000  11.00000  -0.60144   0.58501
781  781   9.00000  11.00000   0.12396   0.73685
782  782   7.00000  11.00000  -0.60144   0.58501
783  783   9.00000  11.00000   0.12396   0.73685
784  784   8.00000  11.00000  -0.28710   0.63193
785  785   9.00000  11.00000   0.12396   0.73685
786  786   9.00000  11.00000   0.12396   0.73685
787  787   3.00000  11.00000  -1.85201   0.66845
788  788  10.00000  11.00000   0.87084   1.01699
789  789   8.00000  11.00000  -0.28710   0.63193
790  790   7.00000  11.00000  -0.60144   0.58501
791  791   9.00000  11.00000   0.12396   0.73685
792  792   8.00000  11.00000  -0.28710   0.63193
793  793   8.00000  11.00000  -0.28710   0.63193
794  794  10.00000  11.00000   0.87084   1.01699
795  795   8.00000  11.00000  -0.28710   0.63193
796  796   6.00000  11.00000  -0.88324   0.56931
797  797  11.00000  11.00000   2.92649   1.93802
798  798  10.00000  11.00000   0.87084   1.01699
799  799   9.00000  11.00000   0.12396   0.73685
800  800   7.00000  11.00000  -0.60144   0.58501
801  801  10.00000  11.00000   0.87084   1.01699
802  802   7.00000  11.00000  -0.60144   0.58501
803  803  10.00000  11.00000   0.87084   1.01699
804  804   9.00000  11.00000   0.12396   0.73685
805  805  10.00000  11.00000   0.87084   1.01699
806  806  10.00000  11.00000   0.87084   1.01699
807  807   9.00000  11.00000   0.12396   0.73685
808  808  10.00000  11.00000   0.87084   1.01699
809  809   6.00000  11.00000  -0.88324   0.56931
810  810   4.00000  11.00000  -1.47839   0.60762
811  811   4.00000  11.00000  -1.47839   0.60762
812  812  10.00000  11.00000   0.87084   1.01699
813  813   7.00000  11.00000  -0.60144   0.58501
814  814  10.00000  11.00000   0.87084   1.01699
815  815   8.00000  11.00000  -0.28710   0.63193
816  816   7.00000  14.00000  -0.79546   0.58004
817  817  10.00000  14.00000   0.23652   0.68501
818  818  10.00000  14.00000   0.23652   0.68501
819  819   7.00000  14.00000  -0.79546   0.58004
820  820  10.00000  14.00000   0.23652   0.68501
821  821  12.00000  14.00000   1.54336   0.90486
822  822  13.00000  14.00000   2.43438   1.06976
823  823  10.00000  14.00000   0.23652   0.68501
824  824   6.00000   7.00000   1.86921   1.24741
825  825   7.00000  10.00000   0.18233   0.81619
826  826   3.00000   3.00000   0.11789   1.64936
827  827   9.00000  10.00000   1.93768   1.13500
828  828   6.00000  10.00000  -0.37586   0.77566
829  829   6.00000  10.00000  -0.37586   0.77566
830  830   5.00000  10.00000  -0.92264   0.78107
831  831   7.00000   9.00000   0.82560   0.86799
832  832   6.00000   9.00000   0.25951   0.76868
833  833   4.00000   9.00000  -0.75667   0.79097
834  834   5.00000   9.00000  -0.21512   0.75300
835  835   4.00000   9.00000  -0.75667   0.79097
836  836   7.00000   9.00000   0.82560   0.86799
837  837   6.00000   9.00000   0.25951   0.76868
838  838   6.00000   9.00000   0.25951   0.76868
839  839   6.00000   9.00000   0.25951   0.76868
840  840   5.00000   9.00000  -0.21512   0.75300
841  841   5.00000   9.00000  -0.21512   0.75300
842  842   5.00000   9.00000  -0.21512   0.75300
843  843   5.00000   9.00000  -0.21512   0.75300
844  844   7.00000   9.00000   0.82560   0.86799
845  845   6.00000   9.00000   0.25951   0.76868
846  846   6.00000   9.00000   0.25951   0.76868
848  848   7.00000  11.00000  -0.22442   0.71602
849  849   4.00000   7.00000  -0.62773   0.97592
850  850   8.00000  11.00000   0.41051   0.85808
851  851   5.00000  11.00000  -0.96880   0.64460
852  852   4.00000   7.00000  -0.62773   0.97592
853  853   6.00000  11.00000  -0.62365   0.65606
854  854   8.00000  11.00000   0.41051   0.85808
855  855   9.00000  11.00000   1.42437   0.99003
856  856   9.00000  11.00000   1.42437   0.99003
857  857   5.00000  11.00000  -0.96880   0.64460
858  858   8.00000  11.00000   0.41051   0.85808
859  859   9.00000  11.00000   1.42437   0.99003
860  860   8.00000  11.00000   0.41051   0.85808
861  861   5.00000  11.00000  -0.96880   0.64460
862  862   7.00000  11.00000  -0.22442   0.71602