1  1  10.00000  16.00000  -0.15037   0.47826
2  2   9.00000  16.00000  -0.33828   0.44603
3  3  13.00000  16.00000   1.04605   0.76478
4  4  11.00000  16.00000   0.08670   0.53464
5  5   3.00000  16.00000  -1.30879   0.45693
6  6   7.00000   8.00000   0.62997   1.01679
7  7   5.00000  16.00000  -0.97857   0.42163
8  8   4.00000  12.00000  -0.90997   0.47921
10  10  11.00000  16.00000   0.08670   0.53464
11  11   5.00000  16.00000  -0.97857   0.42163
12  12  15.00000  16.00000   2.54311   1.03419
13  13   3.00000  16.00000  -1.30879   0.45693
14  14   8.00000  16.00000  -0.50518   0.42775
15  15  12.00000  16.00000   0.44979   0.63503
16  16   3.00000  16.00000  -1.30879   0.45693
17  17  14.00000  16.00000   1.73525   0.86730
18  18   9.00000  16.00000  -0.33828   0.44603
19  19  14.00000  16.00000   1.73525   0.86730
20  20   4.00000   4.00000   2.65452   1.95140
21  21  10.00000  16.00000  -0.15037   0.47826
22  22   9.00000  16.00000  -0.33828   0.44603
23  23  10.00000  16.00000  -0.15037   0.47826
24  24   4.00000   8.00000  -0.62217   0.56295
25  25   7.00000   8.00000   0.62997   1.01679
26  26   7.00000   8.00000   0.62997   1.01679
27  27   5.00000   8.00000  -0.36589   0.59020
28  28   7.00000   8.00000   0.62997   1.01679
30  30   8.00000   8.00000   2.77769   1.88149
31  31   3.00000   8.00000  -0.89188   0.56263
32  32   7.00000   8.00000   0.62997   1.01679
33  33   5.00000   8.00000  -0.36589   0.59020
34  34   4.00000   8.00000  -0.62217   0.56295
35  35   8.00000   8.00000   2.77769   1.88149
37  37   5.00000   8.00000  -0.36589   0.59020
38  38   3.00000   8.00000  -0.89188   0.56263
39  39   2.00000   8.00000  -1.16544   0.58404
40  40   2.00000   8.00000  -1.16544   0.58404
41  41   6.00000   8.00000  -0.07365   0.66967
42  42   6.00000   8.00000  -0.07365   0.66967
43  43   7.00000   8.00000   0.62997   1.01679
44  44   7.00000   8.00000   0.62997   1.01679
45  45   5.00000   8.00000  -0.36589   0.59020
46  46   8.00000   8.00000   2.77769   1.88149
47  47   7.00000   8.00000   0.62997   1.01679
48  48   7.00000   8.00000   0.62997   1.01679
50  50   5.00000  17.00000  -0.59599   0.44777
51  51   6.00000  17.00000  -0.41300   0.42978
52  52  12.00000  17.00000   0.57206   0.46118
53  53   8.00000  17.00000  -0.08929   0.41238
54  54  13.00000  17.00000   0.79449   0.49744
55  55  15.00000  17.00000   1.37501   0.62413
56  56   6.00000  17.00000  -0.41300   0.42978
57  57   6.00000  17.00000  -0.41300   0.42978
58  58   7.00000  17.00000  -0.24613   0.41805
59  59  10.00000  17.00000   0.21749   0.42056
60  60   9.00000  17.00000   0.06295   0.41300
61  61   4.00000  17.00000  -0.80323   0.47245
63  63   0.00000   4.00000  -1.74578   0.85935
64  64   7.00000  17.00000  -0.24613   0.41805
65  65   6.00000  17.00000  -0.41300   0.42978
66  66   3.00000  17.00000  -1.03518   0.50333
67  67   3.00000  17.00000  -1.03518   0.50333
68  68  11.00000  17.00000   0.38344   0.43614
69  69  12.00000  17.00000   0.57206   0.46118
70  70  13.00000  17.00000   0.79449   0.49744
71  71  10.00000  17.00000   0.21749   0.42056
72  72  12.00000  17.00000   0.57206   0.46118
73  73   8.00000  17.00000  -0.08929   0.41238
74  74   2.00000  17.00000  -1.27781   0.54615
75  75   5.00000  17.00000  -0.59599   0.44777
76  76  10.00000  17.00000   0.21749   0.42056
77  77   0.00000   9.00000  -1.33257   1.08667
78  78   2.00000   9.00000  -0.37958   0.58770
79  79   3.00000   9.00000  -0.13720   0.55184
80  80   3.00000   9.00000  -0.13720   0.55184
81  81   3.00000   9.00000  -0.13720   0.55184
82  82   0.00000   9.00000  -1.33257   1.08667
83  83   0.00000   9.00000  -1.33257   1.08667
84  84   3.00000   9.00000  -0.13720   0.55184
85  85   1.00000   9.00000  -0.68133   0.68658
86  86   6.00000   9.00000   0.68516   0.62181
87  87   0.00000   9.00000  -1.33257   1.08667
88  88   2.00000   9.00000  -0.37958   0.58770
89  89   0.00000   9.00000  -1.33257   1.08667
90  90   1.00000   9.00000  -0.68133   0.68658
91  91   1.00000   9.00000  -0.68133   0.68658
92  92   0.00000   9.00000  -1.33257   1.08667
93  93   2.00000   9.00000  -0.37958   0.58770
94  94   1.00000   5.00000  -0.22794   0.92250
95  95   0.00000   3.00000  -0.97784   1.55045
96  96   2.00000   5.00000   0.31323   0.79581
98  98   1.00000   9.00000  -0.68133   0.68658
99  99   0.00000   9.00000  -1.33257   1.08667
100  100   4.00000   9.00000   0.10012   0.54815
101  101   4.00000   9.00000   0.10012   0.54815
102  102   3.00000   9.00000  -0.13720   0.55184
103  103   4.00000   9.00000   0.10012   0.54815
104  104   1.00000   9.00000  -0.68133   0.68658
105  105   1.00000   9.00000  -0.68133   0.68658
106  106   0.00000   5.00000  -1.59072   1.63458
107  107   3.00000   9.00000  -0.13720   0.55184
108  108   6.00000   9.00000   0.68516   0.62181
109  109   3.00000   9.00000  -0.13720   0.55184
110  110   5.00000   9.00000   0.36540   0.57065
111  111   1.00000   9.00000  -0.68133   0.68658
112  112   3.00000   9.00000  -0.13720   0.55184
113  113   3.00000   9.00000  -0.13720   0.55184
114  114   4.00000   9.00000   0.10012   0.54815
115  115   1.00000   9.00000  -0.68133   0.68658
116  116   0.00000   9.00000  -1.33257   1.08667
122  122   7.00000   9.00000   1.09558   0.71782
123  123   2.00000   9.00000  -0.37958   0.58770
124  124   0.00000   9.00000  -1.33257   1.08667
125  125   7.00000   9.00000   1.09558   0.71782
126  126   3.00000   9.00000  -0.13720   0.55184
127  127   3.00000   9.00000  -0.13720   0.55184
128  128   5.00000   9.00000   0.36540   0.57065
129  129   1.00000   9.00000  -0.68133   0.68658
130  130   2.00000   9.00000  -0.37958   0.58770
131  131   0.00000   9.00000  -1.33257   1.08667
132  132   5.00000   9.00000   0.36540   0.57065
133  133   4.00000   9.00000   0.10012   0.54815
134  134   4.00000   9.00000   0.10012   0.54815
135  135   2.00000   9.00000  -0.37958   0.58770
136  136   3.00000   9.00000  -0.13720   0.55184
137  137   3.00000   9.00000  -0.13720   0.55184
138  138   1.00000   9.00000  -0.68133   0.68658
139  139   4.00000   9.00000   0.10012   0.54815
140  140   3.00000   9.00000  -0.13720   0.55184
141  141   5.00000   9.00000   0.36540   0.57065
142  142   4.00000   9.00000   0.10012   0.54815
143  143   5.00000   9.00000   0.36540   0.57065
144  144   0.00000   9.00000  -1.33257   1.08667
145  145   4.00000   9.00000   0.10012   0.54815
146  146   0.00000   9.00000  -1.33257   1.08667
147  147   0.00000   6.00000  -0.84907   0.90100
148  148   5.00000   9.00000   0.36540   0.57065
149  149   0.00000   9.00000  -1.33257   1.08667
151  151   4.00000   9.00000   0.10012   0.54815
152  152   5.00000   9.00000   0.36540   0.57065
153  153   3.00000   9.00000  -0.13720   0.55184
154  154   5.00000   9.00000   0.36540   0.57065
155  155   1.00000   9.00000  -0.68133   0.68658
156  156   5.00000   9.00000   0.36540   0.57065
157  157   2.00000   6.00000  -0.16402   0.65036
158  158   5.00000   9.00000   0.36540   0.57065
159  159   0.00000   4.00000  -0.65980   0.85913
160  160   4.00000   9.00000   0.10012   0.54815
161  161   4.00000   9.00000   0.10012   0.54815
162  162   6.00000   9.00000   0.68516   0.62181
167  167   7.00000  10.00000   0.77606   0.72652
168  168   4.00000  10.00000  -0.19361   0.53858
169  169   5.00000  10.00000   0.03941   0.55502
170  170   4.00000  10.00000  -0.19361   0.53858
171  171   5.00000  10.00000   0.03941   0.55502
172  172   6.00000  10.00000   0.32161   0.60775
173  173   3.00000  10.00000  -0.42434   0.55011
174  174   8.00000  10.00000   1.52923   0.88359
175  175   8.00000  10.00000   1.52923   0.88359
176  176   8.00000  10.00000   1.52923   0.88359
177  177   5.00000  10.00000   0.03941   0.55502
178  178   7.00000  10.00000   0.77606   0.72652
179  179   4.00000  10.00000  -0.19361   0.53858
180  180   6.00000  10.00000   0.32161   0.60775
181  181   5.00000  10.00000   0.03941   0.55502
182  182   5.00000  10.00000   0.03941   0.55502
183  183   6.00000  10.00000   0.32161   0.60775
184  184   6.00000  10.00000   0.32161   0.60775
185  185   1.00000   8.00000  -0.92175   0.69421
186  186   7.00000  10.00000   0.77606   0.72652
187  187   1.00000  10.00000  -1.03059   0.69923
188  188   3.00000  10.00000  -0.42434   0.55011
189  189   6.00000  10.00000   0.32161   0.60775
190  190   0.00000   8.00000  -1.44334   0.96146
191  191   5.00000  10.00000   0.03941   0.55502
192  192   2.00000  10.00000  -0.68726   0.59467
193  193   7.00000  10.00000   0.77606   0.72652
194  194   6.00000  10.00000   0.32161   0.60775
195  195   2.00000  10.00000  -0.68726   0.59467
196  196   1.00000  10.00000  -1.03059   0.69923
198  198   7.00000  10.00000   0.77606   0.72652
199  199   8.00000  10.00000   1.52923   0.88359
201  201   8.00000  10.00000   1.52923   0.88359
203  203   5.00000  10.00000   0.03941   0.55502
204  204   7.00000  10.00000   0.77606   0.72652
205  205   5.00000  10.00000   0.03941   0.55502
206  206   4.00000  10.00000  -0.19361   0.53858
208  208   7.00000  10.00000   0.77606   0.72652
209  209   7.00000  10.00000   0.77606   0.72652
210  210   6.00000  10.00000   0.32161   0.60775
211  211   7.00000  10.00000   0.77606   0.72652
212  212   6.00000  10.00000   0.32161   0.60775
213  213   2.00000  10.00000  -0.68726   0.59467
214  214   6.00000  10.00000   0.32161   0.60775
215  215   7.00000  10.00000   0.77606   0.72652
216  216   5.00000  10.00000   0.03941   0.55502
217  217   4.00000  10.00000  -0.19361   0.53858
218  218   7.00000  10.00000   0.77606   0.72652
220  220   5.00000  10.00000   0.03941   0.55502
221  221   5.00000  10.00000   0.03941   0.55502
222  222   0.00000  10.00000  -1.60249   1.00640
223  223   7.00000  10.00000   0.77606   0.72652
224  224   0.00000  10.00000  -1.60249   1.00640
225  225   6.00000  10.00000   0.32161   0.60775
226  226   0.00000   2.00000  -0.71859   1.99896
227  227   2.00000  10.00000  -0.68726   0.59467
228  228   3.00000  10.00000  -0.42434   0.55011
229  229   5.00000  10.00000   0.03941   0.55502
230  230   6.00000  10.00000   0.32161   0.60775
231  231   6.00000  10.00000   0.32161   0.60775
232  232   4.00000  10.00000  -0.19361   0.53858
233  233   6.00000  10.00000   0.32161   0.60775
234  234   6.00000  10.00000   0.32161   0.60775
235  235   3.00000  10.00000  -0.42434   0.55011
236  236   2.00000  10.00000  -0.68726   0.59467
237  237   7.00000  10.00000   0.77606   0.72652
238  238   5.00000  10.00000   0.03941   0.55502
239  239   5.00000  10.00000   0.03941   0.55502
240  240   6.00000  10.00000   0.32161   0.60775
241  241   2.00000  10.00000  -0.68726   0.59467
244  244   2.00000  10.00000  -0.68726   0.59467
245  245   5.00000  10.00000   0.03941   0.55502
246  246   6.00000  10.00000   0.32161   0.60775
248  248   3.00000  10.00000  -0.42434   0.55011
249  249   6.00000  10.00000   0.32161   0.60775
250  250   7.00000  10.00000   0.77606   0.72652
252  252   5.00000  10.00000   0.03941   0.55502
253  253   1.00000   2.00000   1.11476   1.48862
254  254   3.00000  10.00000  -0.42434   0.55011
255  255   6.00000  10.00000   0.32161   0.60775
257  257   5.00000  10.00000   0.03941   0.55502
261  261   3.00000  12.00000  -0.53086   0.55796
262  262   8.00000  12.00000   0.90257   0.60850
263  263   5.00000  12.00000  -0.04047   0.53152
264  264   6.00000  12.00000   0.21921   0.54868
265  265   2.00000  12.00000  -0.83547   0.61091
266  266   6.00000  12.00000   0.21921   0.54868
267  267   3.00000  12.00000  -0.53086   0.55796
268  268   8.00000  12.00000   0.90257   0.60850
269  269   6.00000  12.00000   0.21921   0.54868
270  270   6.00000  12.00000   0.21921   0.54868
271  271   4.00000  12.00000  -0.27758   0.53370
272  272   5.00000  12.00000  -0.04047   0.53152
273  273   3.00000  12.00000  -0.53086   0.55796
274  274   3.00000  12.00000  -0.53086   0.55796
275  275   2.00000  12.00000  -0.83547   0.61091
276  276   5.00000  12.00000  -0.04047   0.53152
277  277   9.00000  12.00000   1.26203   0.64538
278  278   2.00000  12.00000  -0.83547   0.61091
279  279   5.00000  12.00000  -0.04047   0.53152
280  280   5.00000  12.00000  -0.04047   0.53152
281  281   4.00000  12.00000  -0.27758   0.53370
282  282   2.00000  12.00000  -0.83547   0.61091
283  283   6.00000  12.00000   0.21921   0.54868
284  284   5.00000  12.00000  -0.04047   0.53152
285  285   6.00000  12.00000   0.21921   0.54868
286  286   3.00000  12.00000  -0.53086   0.55796
287  287   7.00000  12.00000   0.54106   0.57956
288  288   0.00000  12.00000  -1.71420   0.95910
289  289   8.00000  12.00000   0.90257   0.60850
291  291   4.00000  12.00000  -0.27758   0.53370
292  292   7.00000  12.00000   0.54106   0.57956
293  293   5.00000  12.00000  -0.04047   0.53152
294  294   6.00000  12.00000   0.21921   0.54868
295  295   5.00000  12.00000  -0.04047   0.53152
296  296   2.00000  12.00000  -0.83547   0.61091
297  297   3.00000  12.00000  -0.53086   0.55796
298  298   5.00000  12.00000  -0.04047   0.53152
299  299   9.00000  12.00000   1.26203   0.64538
300  300   2.00000  12.00000  -0.83547   0.61091
301  301   4.00000  12.00000  -0.27758   0.53370
302  302   6.00000  12.00000   0.21921   0.54868
303  303   7.00000  12.00000   0.54106   0.57956
304  304   3.00000  12.00000  -0.53086   0.55796
305  305   2.00000  12.00000  -0.83547   0.61091
306  306   6.00000  12.00000   0.21921   0.54868
307  307   4.00000  12.00000  -0.27758   0.53370
308  308   4.00000  12.00000  -0.27758   0.53370
309  309   9.00000  12.00000   1.26203   0.64538
310  310   7.00000  12.00000   0.54106   0.57956
311  311   4.00000  12.00000  -0.27758   0.53370
312  312   6.00000  12.00000   0.21921   0.54868
313  313   2.00000  12.00000  -0.83547   0.61091
314  314   3.00000  12.00000  -0.53086   0.55796
315  315   3.00000  12.00000  -0.53086   0.55796
316  316   3.00000  12.00000  -0.53086   0.55796
317  317   4.00000  12.00000  -0.27758   0.53370
318  318   5.00000  12.00000  -0.04047   0.53152
319  319   2.00000  12.00000  -0.83547   0.61091
320  320   3.00000  12.00000  -0.53086   0.55796
321  321   4.00000  12.00000  -0.27758   0.53370
322  322   2.00000  12.00000  -0.83547   0.61091
323  323   3.00000  12.00000  -0.53086   0.55796
324  324   1.00000  12.00000  -1.20640   0.70943
325  325   5.00000  12.00000  -0.04047   0.53152
326  326   4.00000  12.00000  -0.27758   0.53370
327  327   0.00000  12.00000  -1.71420   0.95910
328  328   7.00000  12.00000   0.54106   0.57956
329  329   3.00000  12.00000  -0.53086   0.55796
330  330   2.00000  12.00000  -0.83547   0.61091
331  331   5.00000  12.00000  -0.04047   0.53152
332  332   3.00000  12.00000  -0.53086   0.55796
333  333   6.00000  12.00000   0.21921   0.54868
334  334   5.00000  12.00000  -0.04047   0.53152
335  335   2.00000  12.00000  -0.83547   0.61091
336  336   3.00000  12.00000  -0.53086   0.55796
337  337   6.00000  12.00000   0.21921   0.54868
338  338   3.00000  12.00000  -0.53086   0.55796
339  339   7.00000  12.00000   0.54106   0.57956
340  340   5.00000  12.00000  -0.04047   0.53152
341  341   3.00000  12.00000  -0.53086   0.55796
342  342   3.00000  12.00000  -0.53086   0.55796
343  343   5.00000  12.00000  -0.04047   0.53152
345  345   6.00000  12.00000   0.21921   0.54868
346  346   0.00000   4.00000  -1.59192   1.04735
347  347   7.00000  12.00000   0.54106   0.57956
348  348   6.00000  12.00000   0.21921   0.54868
353  353  14.00000  16.00000   1.73525   0.86730
354  354   9.00000  16.00000  -0.33828   0.44603
355  355  12.00000  16.00000   0.44979   0.63503
357  357  12.00000  16.00000   0.44979   0.63503
358  358  10.00000  16.00000  -0.15037   0.47826
359  359   2.00000   8.00000  -1.16544   0.58404
360  360  12.00000  16.00000   0.44979   0.63503
361  361  11.00000  16.00000   0.08670   0.53464
362  362  10.00000  16.00000  -0.15037   0.47826
364  364  14.00000  16.00000   1.73525   0.86730
365  365   7.00000  16.00000  -0.66391   0.41881
366  366   9.00000  16.00000  -0.33828   0.44603
367  367  12.00000  16.00000   0.44979   0.63503
368  368  11.00000  16.00000   0.08670   0.53464
369  369  10.00000  16.00000  -0.15037   0.47826
370  370  13.00000  16.00000   1.04605   0.76478
371  371  10.00000  16.00000  -0.15037   0.47826
372  372  12.00000  16.00000   0.44979   0.63503
374  374   0.00000  16.00000  -2.09978   0.78794
375  375  12.00000  16.00000   0.44979   0.63503
376  376   3.00000   8.00000  -0.73826   0.62487
377  377   9.00000  16.00000  -0.33828   0.44603
378  378  13.00000  16.00000   1.04605   0.76478
379  379  13.00000  16.00000   1.04605   0.76478
380  380  10.00000  16.00000  -0.15037   0.47826
381  381  12.00000  16.00000   0.44979   0.63503
382  382   5.00000  16.00000  -0.97857   0.42163
383  383  11.00000  16.00000   0.08670   0.53464
384  384   5.00000  16.00000  -0.97857   0.42163
385  385   8.00000  16.00000  -0.50518   0.42775
386  386   6.00000   8.00000  -0.07365   0.66967
387  387   3.00000   8.00000  -0.89188   0.56263
388  388   7.00000   8.00000   0.62997   1.01679
389  389   6.00000   8.00000  -0.07365   0.66967
390  390   6.00000   8.00000  -0.07365   0.66967
391  391   5.00000   8.00000  -0.36589   0.59020
393  393   7.00000   8.00000   0.62997   1.01679
394  394   6.00000   8.00000  -0.07365   0.66967
395  395   7.00000   8.00000   0.62997   1.01679
396  396   7.00000   8.00000   0.62997   1.01679
397  397   6.00000   8.00000  -0.07365   0.66967
398  398   6.00000   8.00000  -0.07365   0.66967
399  399   7.00000   8.00000   0.62997   1.01679
400  400   8.00000   8.00000   2.77769   1.88149
401  401   3.00000   8.00000  -0.89188   0.56263
402  402   6.00000   8.00000  -0.07365   0.66967
403  403   6.00000   8.00000  -0.07365   0.66967
404  404   7.00000   8.00000   0.62997   1.01679
405  405   4.00000   8.00000  -0.62217   0.56295
406  406   6.00000   8.00000  -0.07365   0.66967
407  407   6.00000   8.00000  -0.07365   0.66967
408  408   8.00000   8.00000   2.77769   1.88149
409  409   4.00000   8.00000  -0.62217   0.56295
411  411   4.00000   8.00000  -0.62217   0.56295
412  412   7.00000   8.00000   0.62997   1.01679
413  413   5.00000   8.00000  -0.36589   0.59020
414  414   6.00000   8.00000  -0.07365   0.66967
415  415   5.00000   8.00000  -0.36589   0.59020
416  416   7.00000   8.00000   0.62997   1.01679
417  417   4.00000   8.00000  -0.62217   0.56295
419  419   7.00000   8.00000   0.62997   1.01679
420  420   8.00000  17.00000  -0.08929   0.41238
422  422  13.00000  17.00000   0.79449   0.49744
423  423  10.00000  17.00000   0.21749   0.42056
424  424  10.00000  17.00000   0.21749   0.42056
425  425   7.00000  17.00000  -0.24613   0.41805
426  426  10.00000  17.00000   0.21749   0.42056
427  427   8.00000  17.00000  -0.08929   0.41238
428  428   8.00000  17.00000  -0.08929   0.41238
429  429  12.00000  17.00000   0.57206   0.46118
430  430  11.00000  17.00000   0.38344   0.43614
431  431   9.00000  17.00000   0.06295   0.41300
432  432  10.00000  17.00000   0.21749   0.42056
433  433  10.00000  17.00000   0.21749   0.42056
434  434   9.00000  17.00000   0.06295   0.41300
435  435  15.00000  17.00000   1.37501   0.62413
436  436  12.00000  17.00000   0.57206   0.46118
437  437   9.00000  17.00000   0.06295   0.41300
438  438   6.00000  17.00000  -0.41300   0.42978
439  439  12.00000  17.00000   0.57206   0.46118
440  440   9.00000  17.00000   0.06295   0.41300
441  441  12.00000  17.00000   0.57206   0.46118
442  442   3.00000  17.00000  -1.03518   0.50333
443  443  12.00000  17.00000   0.57206   0.46118
444  444  13.00000  17.00000   0.79449   0.49744
445  445   7.00000  17.00000  -0.24613   0.41805
446  446   5.00000  17.00000  -0.59599   0.44777
447  447   7.00000  17.00000  -0.24613   0.41805
448  448  15.00000  17.00000   1.37501   0.62413
449  449  15.00000  17.00000   1.37501   0.62413
451  451   7.00000  17.00000  -0.24613   0.41805
452  452   5.00000   9.00000   0.36540   0.57065
453  453   6.00000   9.00000   0.68516   0.62181
454  454   9.00000   9.00000   3.16533   1.63593
456  456   8.00000   9.00000   1.74237   0.93031
457  457   3.00000   9.00000  -0.13720   0.55184
458  458   4.00000   9.00000   0.10012   0.54815
459  459   5.00000   9.00000   0.36540   0.57065
461  461   6.00000   9.00000   0.68516   0.62181
462  462   6.00000   9.00000   0.68516   0.62181
463  463   7.00000   9.00000   1.09558   0.71782
464  464   7.00000   9.00000   1.09558   0.71782
465  465   4.00000   9.00000   0.10012   0.54815
466  466   7.00000   9.00000   1.09558   0.71782
467  467   3.00000   9.00000  -0.13720   0.55184
469  469   3.00000   9.00000  -0.13720   0.55184
470  470   3.00000   9.00000  -0.13720   0.55184
471  471   5.00000   9.00000   0.36540   0.57065
472  472   2.00000   9.00000  -0.37958   0.58770
473  473   7.00000   9.00000   1.09558   0.71782
474  474   2.00000   9.00000  -0.37958   0.58770
476  476   3.00000   9.00000  -0.13720   0.55184
477  477   1.00000   9.00000  -0.68133   0.68658
478  478   2.00000   9.00000  -0.37958   0.58770
479  479   5.00000   9.00000   0.36540   0.57065
480  480   6.00000   9.00000   0.68516   0.62181
481  481   5.00000   9.00000   0.36540   0.57065
482  482   1.00000   9.00000  -0.68133   0.68658
483  483   6.00000   9.00000   0.68516   0.62181
484  484   7.00000  10.00000   0.77606   0.72652
486  486   7.00000  10.00000   0.77606   0.72652
487  487   5.00000  10.00000   0.03941   0.55502
488  488   3.00000  10.00000  -0.42434   0.55011
489  489   5.00000  10.00000   0.03941   0.55502
490  490   7.00000  10.00000   0.77606   0.72652
491  491   6.00000  10.00000   0.32161   0.60775
492  492   5.00000  10.00000   0.03941   0.55502
493  493   2.00000  10.00000  -0.68726   0.59467
494  494   6.00000  10.00000   0.32161   0.60775
495  495   6.00000  10.00000   0.32161   0.60775
496  496   6.00000  10.00000   0.32161   0.60775
497  497   6.00000  10.00000   0.32161   0.60775
498  498   3.00000  10.00000  -0.42434   0.55011
499  499   5.00000  10.00000   0.03941   0.55502
500  500   2.00000  10.00000  -0.68726   0.59467
501  501   3.00000  10.00000  -0.42434   0.55011
502  502   6.00000  10.00000   0.32161   0.60775
503  503   8.00000  10.00000   1.52923   0.88359
504  504   3.00000  10.00000  -0.42434   0.55011
505  505   6.00000  10.00000   0.32161   0.60775
506  506   6.00000  10.00000   0.32161   0.60775
509  509   4.00000  10.00000  -0.19361   0.53858
510  510   3.00000  10.00000  -0.42434   0.55011
512  512   7.00000  10.00000   0.77606   0.72652
515  515   4.00000  10.00000  -0.19361   0.53858
516  516   4.00000  10.00000  -0.19361   0.53858
517  517   9.00000  10.00000   2.41603   1.06461
518  518   4.00000  10.00000  -0.19361   0.53858
519  519   7.00000  10.00000   0.77606   0.72652
520  520   1.00000  10.00000  -1.03059   0.69923
521  521   4.00000  10.00000  -0.19361   0.53858
522  522   4.00000  10.00000  -0.19361   0.53858
523  523   7.00000  10.00000   0.77606   0.72652
524  524   6.00000  10.00000   0.32161   0.60775
525  525   6.00000  10.00000   0.32161   0.60775
526  526   4.00000  10.00000  -0.19361   0.53858
527  527   7.00000  10.00000   0.77606   0.72652
528  528   6.00000  10.00000   0.32161   0.60775
529  529   5.00000  10.00000   0.03941   0.55502
530  530   5.00000  12.00000  -0.04047   0.53152
531  531   3.00000  12.00000  -0.53086   0.55796
532  532   3.00000  12.00000  -0.53086   0.55796
533  533   8.00000  12.00000   0.90257   0.60850
534  534   0.00000  12.00000  -1.71420   0.95910
535  535   3.00000  12.00000  -0.53086   0.55796
536  536   6.00000  12.00000   0.21921   0.54868
537  537   6.00000  12.00000   0.21921   0.54868
538  538   9.00000  12.00000   1.26203   0.64538
539  539   8.00000  12.00000   0.90257   0.60850
540  540   8.00000  12.00000   0.90257   0.60850
541  541   0.00000   6.00000  -0.68209   0.83536
542  542   5.00000  12.00000  -0.04047   0.53152
543  543   3.00000  12.00000  -0.53086   0.55796
544  544   4.00000  12.00000  -0.27758   0.53370
545  545   3.00000  12.00000  -0.53086   0.55796
546  546  10.00000  12.00000   1.66792   0.72072
547  547   6.00000  12.00000   0.21921   0.54868
548  548   2.00000  12.00000  -0.83547   0.61091
549  549   2.00000  12.00000  -0.83547   0.61091
551  551   3.00000   4.00000   0.68470   1.33217
552  552   3.00000  12.00000  -0.53086   0.55796
553  553   4.00000  12.00000  -0.27758   0.53370
554  554   6.00000  12.00000   0.21921   0.54868
555  555   9.00000  12.00000   1.26203   0.64538
556  556   7.00000  12.00000   0.54106   0.57956
557  557   9.00000  12.00000   1.26203   0.64538
558  558   6.00000  12.00000   0.21921   0.54868
559  559   3.00000  12.00000  -0.53086   0.55796
560  560   4.00000  12.00000  -0.27758   0.53370
561  561   9.00000  16.00000  -0.33828   0.44603
562  562  14.00000  16.00000   1.73525   0.86730
563  563  11.00000  16.00000   0.08670   0.53464
564  564  13.00000  16.00000   1.04605   0.76478
565  565  12.00000  16.00000   0.44979   0.63503
566  566   9.00000  16.00000  -0.33828   0.44603
567  567  12.00000  16.00000   0.44979   0.63503
568  568   8.00000  16.00000  -0.50518   0.42775
569  569  11.00000  16.00000   0.08670   0.53464
570  570   6.00000  16.00000  -0.82069   0.41696
571  571  12.00000  16.00000   0.44979   0.63503
572  572   9.00000  16.00000  -0.33828   0.44603
573  573  10.00000  16.00000  -0.15037   0.47826
574  574   6.00000  16.00000  -0.82069   0.41696
575  575  11.00000  16.00000   0.08670   0.53464
576  576   6.00000  16.00000  -0.82069   0.41696
577  577  11.00000  16.00000   0.08670   0.53464
578  578  12.00000  16.00000   0.44979   0.63503
579  579  13.00000  16.00000   1.04605   0.76478
581  581  12.00000  16.00000   0.44979   0.63503
582  582  11.00000  16.00000   0.08670   0.53464
583  583  10.00000  16.00000  -0.15037   0.47826
584  584   6.00000  16.00000  -0.82069   0.41696
585  585  13.00000  16.00000   1.04605   0.76478
586  586  12.00000  16.00000   0.44979   0.63503
587  587  12.00000  16.00000   0.44979   0.63503
588  588   9.00000  16.00000  -0.33828   0.44603
589  589  11.00000  16.00000   0.08670   0.53464
590  590   9.00000  16.00000  -0.33828   0.44603
591  591  10.00000  16.00000  -0.15037   0.47826
592  592   9.00000  16.00000  -0.33828   0.44603
593  593   9.00000  16.00000  -0.33828   0.44603
594  594  10.00000  16.00000  -0.15037   0.47826
595  595   6.00000  16.00000  -0.82069   0.41696
596  596   7.00000  16.00000  -0.66391   0.41881
597  597   9.00000  16.00000  -0.33828   0.44603
598  598  12.00000  16.00000   0.44979   0.63503
599  599   0.00000   4.00000  -1.74578   0.85935
600  600  13.00000  16.00000   1.04605   0.76478
601  601   3.00000   4.00000   0.68470   1.33217
602  602  10.00000  16.00000  -0.15037   0.47826
603  603  12.00000  16.00000   0.44979   0.63503
604  604   6.00000  16.00000  -0.82069   0.41696
605  605   7.00000  16.00000  -0.66391   0.41881
606  606   9.00000  16.00000  -0.33828   0.44603
607  607   2.00000  16.00000  -1.49679   0.49856
608  608   7.00000  16.00000  -0.66391   0.41881
609  609  12.00000  16.00000   0.44979   0.63503
610  610  14.00000  16.00000   1.73525   0.86730
611  611  12.00000  16.00000   0.44979   0.63503
612  612  11.00000  16.00000   0.08670   0.53464
613  613  15.00000  16.00000   2.54311   1.03419
614  614   9.00000  16.00000  -0.33828   0.44603
615  615  11.00000  16.00000   0.08670   0.53464
616  616  14.00000  16.00000   1.73525   0.86730
617  617   9.00000  16.00000  -0.33828   0.44603
618  618  12.00000  16.00000   0.44979   0.63503
619  619   7.00000  16.00000  -0.66391   0.41881
620  620  12.00000  16.00000   0.44979   0.63503
621  621  11.00000  16.00000   0.08670   0.53464
622  622  12.00000  16.00000   0.44979   0.63503
623  623  10.00000  16.00000  -0.15037   0.47826
624  624  10.00000  16.00000  -0.15037   0.47826
625  625  15.00000  16.00000   2.54311   1.03419
626  626  11.00000  16.00000   0.08670   0.53464
627  627  11.00000  16.00000   0.08670   0.53464
628  628   3.00000   8.00000  -0.73826   0.62487
629  629  15.00000  16.00000   2.54311   1.03419
630  630   8.00000  16.00000  -0.50518   0.42775
631  631  12.00000  16.00000   0.44979   0.63503
632  632   9.00000  16.00000  -0.33828   0.44603
633  633  12.00000  16.00000   0.44979   0.63503
634  634  12.00000  16.00000   0.44979   0.63503
635  635   4.00000  16.00000  -1.13978   0.43379
636  636   9.00000  16.00000  -0.33828   0.44603
637  637   6.00000  16.00000  -0.82069   0.41696
638  638  10.00000  16.00000  -0.15037   0.47826
639  639   9.00000  16.00000  -0.33828   0.44603
640  640  12.00000  16.00000   0.44979   0.63503
641  641   6.00000  16.00000  -0.82069   0.41696
642  642   5.00000  12.00000  -0.88979   0.48597
643  643   9.00000  16.00000  -0.33828   0.44603
644  644   5.00000  16.00000  -0.97857   0.42163
645  645   4.00000   8.00000  -0.62217   0.56295
646  646   6.00000   8.00000  -0.07365   0.66967
647  647   7.00000   8.00000   0.62997   1.01679
648  648   2.00000   8.00000  -1.16544   0.58404
649  649   6.00000   8.00000  -0.07365   0.66967
650  650   7.00000   8.00000   0.62997   1.01679
651  651   7.00000   8.00000   0.62997   1.01679
652  652   5.00000   8.00000  -0.36589   0.59020
653  653   8.00000   8.00000   2.77769   1.88149
654  654   6.00000   8.00000  -0.07365   0.66967
655  655   7.00000   8.00000   0.62997   1.01679
656  656   8.00000   8.00000   2.77769   1.88149
657  657   4.00000   8.00000  -0.62217   0.56295
658  658   7.00000   8.00000   0.62997   1.01679
659  659   6.00000   8.00000  -0.07365   0.66967
660  660   6.00000   8.00000  -0.07365   0.66967
661  661   7.00000   8.00000   0.62997   1.01679
662  662   7.00000   8.00000   0.62997   1.01679
663  663   8.00000   8.00000   2.77769   1.88149
665  665   6.00000   8.00000  -0.07365   0.66967
666  666   3.00000   8.00000  -0.89188   0.56263
667  667   7.00000   8.00000   0.62997   1.01679
669  669   7.00000   8.00000   0.62997   1.01679
671  671   4.00000   8.00000  -0.62217   0.56295
672  672   7.00000   8.00000   0.62997   1.01679
673  673   8.00000   8.00000   2.77769   1.88149
674  674   7.00000   8.00000   0.62997   1.01679
675  675   3.00000   8.00000  -0.89188   0.56263
676  676   8.00000   8.00000   2.77769   1.88149
677  677   7.00000   8.00000   0.62997   1.01679
678  678   6.00000   8.00000  -0.07365   0.66967
679  679   7.00000   8.00000   0.62997   1.01679
680  680   2.00000   8.00000  -1.16544   0.58404
681  681   3.00000   8.00000  -0.89188   0.56263
682  682   3.00000   8.00000  -0.89188   0.56263
683  683   6.00000   8.00000  -0.07365   0.66967
684  684   6.00000   8.00000  -0.07365   0.66967
685  685   8.00000   8.00000   2.77769   1.88149
686  686   7.00000   8.00000   0.62997   1.01679
687  687   4.00000   8.00000  -0.62217   0.56295
688  688   6.00000   8.00000  -0.07365   0.66967
689  689   6.00000   8.00000  -0.07365   0.66967
690  690   3.00000   8.00000  -0.89188   0.56263
691  691   4.00000   8.00000  -0.62217   0.56295
692  692   6.00000   8.00000  -0.07365   0.66967
693  693   8.00000   8.00000   2.77769   1.88149
694  694   6.00000   8.00000  -0.07365   0.66967
695  695   3.00000   8.00000  -0.89188   0.56263
696  696   5.00000   8.00000  -0.36589   0.59020
697  697   3.00000   8.00000  -0.89188   0.56263
698  698   8.00000   8.00000   2.77769   1.88149
699  699   3.00000   8.00000  -0.89188   0.56263
700  700   6.00000   8.00000  -0.07365   0.66967
701  701   3.00000   8.00000  -0.89188   0.56263
702  702   7.00000   8.00000   0.62997   1.01679
703  703   7.00000   8.00000   0.62997   1.01679
704  704   7.00000   8.00000   0.62997   1.01679
705  705   2.00000   8.00000  -1.16544   0.58404
706  706   6.00000   8.00000  -0.07365   0.66967
707  707   3.00000   8.00000  -0.89188   0.56263
708  708   3.00000   8.00000  -0.89188   0.56263
709  709   5.00000   8.00000  -0.36589   0.59020
710  710   6.00000   8.00000  -0.07365   0.66967
711  711   6.00000   8.00000  -0.07365   0.66967
712  712   6.00000   8.00000  -0.07365   0.66967
713  713   5.00000   8.00000  -0.36589   0.59020
714  714   7.00000   8.00000   0.62997   1.01679
716  716   5.00000   8.00000  -0.36589   0.59020
717  717   6.00000   8.00000  -0.07365   0.66967
718  718   3.00000   8.00000  -0.89188   0.56263
719  719   6.00000   8.00000  -0.07365   0.66967
720  720   7.00000   8.00000   0.62997   1.01679
721  721   6.00000   8.00000  -0.07365   0.66967
722  722   6.00000   8.00000  -0.07365   0.66967
723  723   6.00000   8.00000  -0.07365   0.66967
724  724   4.00000   8.00000  -0.62217   0.56295
725  725   6.00000   8.00000  -0.07365   0.66967
726  726   0.00000   8.00000  -1.77455   0.80281
727  727   4.00000   8.00000  -0.62217   0.56295
728  728   2.00000   8.00000  -1.16544   0.58404
729  729   6.00000   8.00000  -0.07365   0.66967
730  730   6.00000   8.00000  -0.07365   0.66967
731  731   3.00000  17.00000  -1.03518   0.50333
732  732   7.00000  17.00000  -0.24613   0.41805
733  733  10.00000  17.00000   0.21749   0.42056
734  734  15.00000  17.00000   1.37501   0.62413
735  735  12.00000  17.00000   0.57206   0.46118
736  736  12.00000  17.00000   0.57206   0.46118
737  737  14.00000  17.00000   1.05782   0.54759
738  738  12.00000  17.00000   0.57206   0.46118
739  739  12.00000  17.00000   0.57206   0.46118
740  740   8.00000  17.00000  -0.08929   0.41238
741  741  12.00000  17.00000   0.57206   0.46118
742  742  12.00000  17.00000   0.57206   0.46118
743  743  10.00000  17.00000   0.21749   0.42056
744  744  12.00000  17.00000   0.57206   0.46118
745  745   8.00000  17.00000  -0.08929   0.41238
746  746   8.00000  17.00000  -0.08929   0.41238
747  747  13.00000  17.00000   0.79449   0.49744
748  748   3.00000  17.00000  -1.03518   0.50333
749  749  11.00000  17.00000   0.38344   0.43614
751  751   7.00000  17.00000  -0.24613   0.41805
752  752  10.00000  17.00000   0.21749   0.42056
753  753   9.00000  17.00000   0.06295   0.41300
754  754   7.00000  17.00000  -0.24613   0.41805
755  755  11.00000  17.00000   0.38344   0.43614
756  756   7.00000  17.00000  -0.24613   0.41805
757  757  10.00000  17.00000   0.21749   0.42056
758  758  11.00000  17.00000   0.38344   0.43614
759  759   8.00000  17.00000  -0.08929   0.41238
760  760  11.00000  17.00000   0.38344   0.43614
761  761  12.00000  17.00000   0.57206   0.46118
762  762   5.00000  17.00000  -0.59599   0.44777
763  763   9.00000  17.00000   0.06295   0.41300
764  764   7.00000  17.00000  -0.24613   0.41805
765  765  12.00000  17.00000   0.57206   0.46118
766  766  11.00000  17.00000   0.38344   0.43614
767  767   9.00000  17.00000   0.06295   0.41300
769  769   7.00000  17.00000  -0.24613   0.41805
770  770  12.00000  17.00000   0.57206   0.46118
771  771  11.00000  17.00000   0.38344   0.43614
772  772   8.00000  17.00000  -0.08929   0.41238
773  773  12.00000  17.00000   0.57206   0.46118
774  774   9.00000  17.00000   0.06295   0.41300
775  775  13.00000  17.00000   0.79449   0.49744
776  776   9.00000  17.00000   0.06295   0.41300
777  777   3.00000  17.00000  -1.03518   0.50333
778  778  10.00000  17.00000   0.21749   0.42056
779  779   8.00000  17.00000  -0.08929   0.41238
780  780   4.00000  13.00000  -0.47570   0.55657
781  781   5.00000  17.00000  -0.59599   0.44777
782  782   8.00000  17.00000  -0.08929   0.41238
783  783   8.00000  17.00000  -0.08929   0.41238
784  784  12.00000  17.00000   0.57206   0.46118
785  785   4.00000  17.00000  -0.80323   0.47245
786  786   8.00000  17.00000  -0.08929   0.41238
787  787   4.00000  17.00000  -0.80323   0.47245
788  788  12.00000  17.00000   0.57206   0.46118
789  789   7.00000  17.00000  -0.24613   0.41805
790  790   7.00000  17.00000  -0.24613   0.41805
791  791  11.00000  17.00000   0.38344   0.43614
792  792   7.00000  17.00000  -0.24613   0.41805
793  793   8.00000  17.00000  -0.08929   0.41238
794  794   9.00000  17.00000   0.06295   0.41300
795  795   8.00000  17.00000  -0.08929   0.41238
796  796  11.00000  17.00000   0.38344   0.43614
797  797  12.00000  17.00000   0.57206   0.46118
798  798  10.00000  17.00000   0.21749   0.42056
799  799  10.00000  17.00000   0.21749   0.42056
800  800  11.00000  17.00000   0.38344   0.43614
801  801  12.00000  17.00000   0.57206   0.46118
802  802   2.00000  17.00000  -1.27781   0.54615
803  803  11.00000  17.00000   0.38344   0.43614
804  804   7.00000  17.00000  -0.24613   0.41805
805  805   4.00000  17.00000  -0.80323   0.47245
806  806   9.00000  17.00000   0.06295   0.41300
807  807   3.00000  17.00000  -1.03518   0.50333
808  808   6.00000  17.00000  -0.41300   0.42978
809  809   7.00000  17.00000  -0.24613   0.41805
810  810   4.00000  17.00000  -0.80323   0.47245
811  811   3.00000  17.00000  -1.03518   0.50333
812  812   4.00000  17.00000  -0.80323   0.47245
813  813   6.00000  17.00000  -0.41300   0.42978
814  814   5.00000  17.00000  -0.59599   0.44777
815  815   7.00000  17.00000  -0.24613   0.41805
816  816   2.00000  12.00000  -0.83547   0.61091
817  817   3.00000  12.00000  -0.53086   0.55796
818  818   2.00000  12.00000  -0.83547   0.61091
819  819   5.00000  12.00000  -0.04047   0.53152
820  820   3.00000  12.00000  -0.53086   0.55796
821  821   3.00000   8.00000  -0.08967   0.80785
822  822   7.00000  12.00000   0.54106   0.57956
823  823   3.00000  12.00000  -0.53086   0.55796
824  824   6.00000  12.00000   0.21921   0.54868
825  825   3.00000  12.00000  -0.53086   0.55796
826  826   3.00000   8.00000   0.08988   0.60776
827  827   4.00000  12.00000  -0.27758   0.53370
828  828   4.00000  12.00000  -0.27758   0.53370
829  829   6.00000  12.00000   0.21921   0.54868
830  830   2.00000  12.00000  -0.83547   0.61091
831  831   7.00000  10.00000   0.77606   0.72652
832  832   6.00000  10.00000   0.32161   0.60775
833  833   4.00000  10.00000  -0.19361   0.53858
834  834   6.00000  10.00000   0.32161   0.60775
835  835   5.00000  10.00000   0.03941   0.55502
836  836   4.00000  10.00000  -0.19361   0.53858
837  837   2.00000  10.00000  -0.68726   0.59467
838  838   5.00000  10.00000   0.03941   0.55502
839  839   8.00000  10.00000   1.52923   0.88359
840  840   4.00000  10.00000  -0.19361   0.53858
841  841   5.00000  10.00000   0.03941   0.55502
842  842   4.00000  10.00000  -0.19361   0.53858
843  843   5.00000  10.00000   0.03941   0.55502
844  844   4.00000  10.00000  -0.19361   0.53858
845  845   6.00000  10.00000   0.32161   0.60775
846  846   5.00000  10.00000   0.03941   0.55502
848  848   1.00000   9.00000  -0.68133   0.68658
849  849   2.00000   6.00000  -0.16402   0.65036
850  850   7.00000   9.00000   1.09558   0.71782
851  851   2.00000   9.00000  -0.37958   0.58770
852  852   3.00000   9.00000  -0.13720   0.55184
853  853   3.00000   9.00000  -0.13720   0.55184
854  854   2.00000   9.00000  -0.37958   0.58770
855  855   7.00000   9.00000   1.09558   0.71782
856  856   5.00000   9.00000   0.36540   0.57065
857  857   5.00000   9.00000   0.36540   0.57065
858  858   4.00000   9.00000   0.10012   0.54815
859  859   1.00000   9.00000  -0.68133   0.68658
860  860   2.00000   9.00000  -0.37958   0.58770
861  861   1.00000   9.00000  -0.68133   0.68658
862  862   1.00000   9.00000  -0.68133   0.68658