1  1   5.00000   6.00000   0.29612   0.95248
2  2   5.00000   6.00000   0.29612   0.95248
3  3   5.00000   6.00000   0.29612   0.95248
4  4   6.00000   6.00000   1.59952   1.58997
5  5   2.00000   6.00000  -1.28867   0.86319
6  6   0.00000   3.00000  -1.69240   1.25510
7  7   4.00000   6.00000  -0.32531   0.80308
8  8   1.00000   6.00000  -2.26918   1.27825
10  10   6.00000   6.00000   1.59952   1.58997
11  11   3.00000   6.00000  -0.79220   0.78159
12  12   5.00000   6.00000   0.29612   0.95248
13  13   4.00000   6.00000  -0.32531   0.80308
14  14   6.00000   6.00000   1.59952   1.58997
15  15   5.00000   6.00000   0.29612   0.95248
16  16   2.00000   6.00000  -1.28867   0.86319
17  17   5.00000   6.00000   0.29612   0.95248
18  18   5.00000   6.00000   0.29612   0.95248
19  19   6.00000   6.00000   1.59952   1.58997
20  20   3.00000   3.00000   1.38366   1.87949
21  21   4.00000   6.00000  -0.32531   0.80308
22  22   5.00000   6.00000   0.29612   0.95248
23  23   2.00000   6.00000  -1.28867   0.86319
24  24   4.00000  12.00000  -1.32142   0.63744
25  25   7.00000  12.00000  -0.45358   0.55464
26  26   8.00000  12.00000  -0.17557   0.57122
27  27   7.00000  12.00000  -0.45358   0.55464
28  28  10.00000  12.00000   0.51562   0.68893
30  30  12.00000  12.00000   2.13440   1.42515
31  31  10.00000  12.00000   0.51562   0.68893
32  32   6.00000  12.00000  -0.72117   0.55737
33  33   7.00000  12.00000  -0.45358   0.55464
34  34   7.00000  12.00000  -0.45358   0.55464
35  35   9.00000  12.00000   0.13552   0.61130
37  37   6.00000  10.00000  -0.55836   0.60637
38  38   4.00000  10.00000  -1.20167   0.65864
39  39   9.00000  10.00000   0.67386   0.86058
40  40   3.00000  10.00000  -1.64086   0.76987
41  41   9.00000  10.00000   0.67386   0.86058
42  42   7.00000  10.00000  -0.23863   0.63091
43  43   5.00000  10.00000  -0.86577   0.61408
44  44   7.00000  10.00000  -0.23863   0.63091
45  45   9.00000  10.00000   0.67386   0.86058
46  46   7.00000  10.00000  -0.23863   0.63091
47  47   5.00000  10.00000  -0.86577   0.61408
48  48   8.00000  10.00000   0.13957   0.69912
50  50   5.00000   9.00000  -0.59095   0.67225
51  51   4.00000   9.00000  -0.95608   0.69220
52  52   6.00000   9.00000  -0.20997   0.70387
53  53   8.00000   9.00000   1.17321   1.08917
54  54   8.00000   9.00000   1.17321   1.08917
55  55   6.00000   9.00000  -0.20997   0.70387
56  56   5.00000   9.00000  -0.59095   0.67225
57  57   3.00000   9.00000  -1.38838   0.78337
58  58   5.00000   9.00000  -0.59095   0.67225
59  59   5.00000   9.00000  -0.59095   0.67225
60  60   4.00000   9.00000  -0.95608   0.69220
61  61   5.00000   9.00000  -0.59095   0.67225
63  63   0.00000   2.00000  -1.37614   1.23455
64  64   8.00000   9.00000   1.17321   1.08917
65  65   4.00000   9.00000  -0.95608   0.69220
66  66   5.00000   9.00000  -0.59095   0.67225
67  67   5.00000   9.00000  -0.59095   0.67225
68  68   9.00000   9.00000   3.03309   1.87660
69  69   6.00000   9.00000  -0.20997   0.70387
70  70   2.00000   9.00000  -2.23883   1.11756
71  71   7.00000   9.00000   0.28191   0.80805
72  72   7.00000   9.00000   0.28191   0.80805
73  73   6.00000   9.00000  -0.20997   0.70387
74  74   6.00000   9.00000  -0.20997   0.70387
75  75   4.00000   9.00000  -0.95608   0.69220
76  76   6.00000   9.00000  -0.20997   0.70387
77  77   3.00000   5.00000  -0.31949   0.84528
78  78   2.00000   5.00000  -0.79649   0.79765
79  79   4.00000   5.00000   0.53551   1.11492
80  80   4.00000   5.00000   0.53551   1.11492
81  81   4.00000   5.00000   0.53551   1.11492
82  82   3.00000   5.00000  -0.31949   0.84528
83  83   4.00000   5.00000   0.53551   1.11492
84  84   2.00000   5.00000  -0.79649   0.79765
85  85   0.00000   5.00000  -2.09619   1.29291
86  86   4.00000   5.00000   0.53551   1.11492
87  87   3.00000   5.00000  -0.31949   0.84528
88  88   0.00000   5.00000  -2.09619   1.29291
89  89   4.00000   5.00000   0.53551   1.11492
90  90   4.00000   5.00000   0.53551   1.11492
91  91   3.00000   5.00000  -0.31949   0.84528
92  92   3.00000   5.00000  -0.31949   0.84528
93  93   2.00000   5.00000  -0.79649   0.79765
94  94   0.00000   3.00000  -1.63097   1.17671
95  95   0.00000   3.00000  -1.63097   1.17671
96  96   3.00000   3.00000   0.23235   1.27261
98  98   2.00000   5.00000  -0.79649   0.79765
99  99   3.00000   5.00000  -0.31949   0.84528
100  100   0.00000   5.00000  -2.09619   1.29291
101  101   3.00000   5.00000  -0.31949   0.84528
102  102   0.00000   5.00000  -2.09619   1.29291
103  103   0.00000   5.00000  -2.09619   1.29291
104  104   2.00000   5.00000  -0.79649   0.79765
105  105   2.00000   5.00000  -0.79649   0.79765
106  106   2.00000   3.00000  -0.50957   0.92796
107  107   3.00000   5.00000  -0.31949   0.84528
108  108   4.00000   5.00000   0.53551   1.11492
109  109   4.00000   5.00000   0.53551   1.11492
110  110   4.00000   5.00000   0.53551   1.11492
111  111   4.00000   5.00000   0.53551   1.11492
112  112   2.00000   5.00000  -0.79649   0.79765
113  113   1.00000   5.00000  -1.26736   0.87093
114  114   4.00000   5.00000   0.53551   1.11492
115  115   3.00000   5.00000  -0.31949   0.84528
116  116   1.00000   5.00000  -1.26736   0.87093
122  122   5.00000   5.00000   2.58543   1.94450
123  123   0.00000   5.00000  -2.09619   1.29291
124  124   3.00000   5.00000  -0.31949   0.84528
125  125   2.00000   5.00000  -0.79649   0.79765
126  126   3.00000   5.00000  -0.31949   0.84528
127  127   5.00000   5.00000   2.58543   1.94450
128  128   2.00000   5.00000  -0.79649   0.79765
129  129   1.00000   5.00000  -1.26736   0.87093
130  130   4.00000   5.00000   0.53551   1.11492
131  131   2.00000   5.00000  -0.79649   0.79765
132  132   5.00000   5.00000   2.58543   1.94450
133  133   4.00000   5.00000   0.53551   1.11492
134  134   2.00000   5.00000  -0.79649   0.79765
135  135   4.00000   5.00000   0.53551   1.11492
136  136   3.00000   5.00000  -0.31949   0.84528
137  137   1.00000   5.00000  -1.26736   0.87093
138  138   3.00000   5.00000  -0.31949   0.84528
139  139   1.00000   5.00000  -1.26736   0.87093
140  140   3.00000   5.00000  -0.31949   0.84528
141  141   4.00000   5.00000   0.53551   1.11492
142  142   2.00000   5.00000  -0.79649   0.79765
143  143   4.00000   5.00000   0.53551   1.11492
144  144   3.00000   5.00000  -0.31949   0.84528
145  145   3.00000   5.00000  -0.31949   0.84528
146  146   1.00000   5.00000  -1.26736   0.87093
147  147   0.00000   2.00000  -1.90703   2.13526
148  148   5.00000   5.00000   2.58543   1.94450
149  149   0.00000   5.00000  -2.09619   1.29291
151  151   5.00000   5.00000   2.58543   1.94450
152  152   4.00000   5.00000   0.53551   1.11492
153  153   2.00000   5.00000  -0.79649   0.79765
154  154   4.00000   5.00000   0.53551   1.11492
155  155   2.00000   3.00000   0.69455   1.35341
156  156   3.00000   5.00000  -0.31949   0.84528
157  157   0.00000   2.00000  -1.90703   2.13526
158  158   1.00000   5.00000  -1.26736   0.87093
159  159   1.00000   2.00000   0.32935   1.64733
160  160   3.00000   5.00000  -0.31949   0.84528
161  161   3.00000   5.00000  -0.31949   0.84528
162  162   4.00000   5.00000   0.53551   1.11492
167  167   7.00000   8.00000   1.20532   0.99290
168  168   6.00000   8.00000   0.47107   0.78500
169  169   7.00000   8.00000   1.20532   0.99290
170  170   1.00000   8.00000  -1.56282   0.81302
171  171   2.00000   8.00000  -1.11411   0.68801
172  172   2.00000   8.00000  -1.11411   0.68801
173  173   4.00000   8.00000  -0.41402   0.64920
174  174   7.00000   8.00000   1.20532   0.99290
175  175   3.00000   8.00000  -0.75933   0.64673
176  176   7.00000   8.00000   1.20532   0.99290
177  177   1.00000   6.00000  -1.34882   0.97107
178  178   5.00000   8.00000  -0.02408   0.69072
179  179   6.00000   8.00000   0.47107   0.78500
180  180   2.00000   8.00000  -1.11411   0.68801
181  181   1.00000   8.00000  -1.56282   0.81302
182  182   1.00000   8.00000  -1.56282   0.81302
183  183   8.00000   8.00000   2.70592   1.70241
184  184   2.00000   8.00000  -1.11411   0.68801
185  185   3.00000   6.00000  -0.12697   0.80684
186  186   5.00000   8.00000  -0.02408   0.69072
187  187   0.00000   8.00000  -2.48027   1.31218
188  188   1.00000   8.00000  -1.56282   0.81302
189  189   6.00000   8.00000   0.47107   0.78500
190  190   0.00000   2.00000  -1.90703   2.13526
191  191   4.00000   8.00000  -0.41402   0.64920
192  192   5.00000   8.00000  -0.02408   0.69072
193  193   2.00000   8.00000  -1.11411   0.68801
194  194   4.00000   8.00000  -0.41402   0.64920
195  195   3.00000   8.00000  -0.75933   0.64673
196  196   2.00000   8.00000  -1.11411   0.68801
198  198   4.00000   8.00000  -0.41402   0.64920
199  199   3.00000   8.00000  -0.75933   0.64673
201  201   1.00000   8.00000  -1.56282   0.81302
203  203   7.00000   8.00000   1.20532   0.99290
204  204   4.00000   8.00000  -0.41402   0.64920
205  205   3.00000   8.00000  -0.75933   0.64673
206  206   0.00000   8.00000  -2.48027   1.31218
208  208   7.00000   8.00000   1.20532   0.99290
209  209   7.00000   8.00000   1.20532   0.99290
210  210   1.00000   6.00000  -1.34882   0.97107
211  211   6.00000   6.00000   2.71620   1.71924
212  212   2.00000   6.00000  -0.68110   0.83477
213  213   1.00000   6.00000  -1.34882   0.97107
214  214   7.00000   8.00000   1.20532   0.99290
215  215   7.00000   8.00000   1.20532   0.99290
216  216   5.00000   8.00000  -0.02408   0.69072
217  217   4.00000   8.00000  -0.41402   0.64920
218  218   6.00000   8.00000   0.47107   0.78500
220  220   7.00000   8.00000   1.20532   0.99290
221  221   3.00000   8.00000  -0.75933   0.64673
222  222   2.00000   8.00000  -1.11411   0.68801
223  223   5.00000   8.00000  -0.02408   0.69072
224  224   0.00000   8.00000  -2.48027   1.31218
225  225   3.00000   8.00000  -0.75933   0.64673
226  226   1.00000   8.00000  -1.56282   0.81302
227  227   4.00000   8.00000  -0.41402   0.64920
228  228   2.00000   8.00000  -1.11411   0.68801
229  229   3.00000   8.00000  -0.75933   0.64673
230  230   4.00000   8.00000  -0.41402   0.64920
231  231   5.00000   8.00000  -0.02408   0.69072
232  232   7.00000   8.00000   1.20532   0.99290
233  233   5.00000   8.00000  -0.02408   0.69072
234  234   2.00000   8.00000  -1.11411   0.68801
235  235   1.00000   8.00000  -1.56282   0.81302
236  236   1.00000   8.00000  -1.56282   0.81302
237  237   6.00000   8.00000   0.47107   0.78500
238  238   4.00000   8.00000  -0.41402   0.64920
239  239   3.00000   8.00000  -0.75933   0.64673
240  240   4.00000   8.00000  -0.41402   0.64920
241  241   5.00000   8.00000  -0.02408   0.69072
242  242   0.00000   2.00000..
243  243   0.00000   2.00000..
244  244   1.00000   8.00000  -1.56282   0.81302
245  245   2.00000   8.00000  -1.11411   0.68801
246  246   4.00000   8.00000  -0.41402   0.64920
248  248   7.00000   8.00000   1.20532   0.99290
249  249   2.00000   8.00000  -1.11411   0.68801
250  250   5.00000   8.00000  -0.02408   0.69072
252  252   3.00000   8.00000  -0.75933   0.64673
253  253   1.00000   8.00000  -1.56282   0.81302
254  254   4.00000   8.00000  -0.41402   0.64920
255  255   4.00000   8.00000  -0.41402   0.64920
257  257   7.00000   8.00000   1.20532   0.99290
261  261   2.00000   5.00000  -0.62010   0.85275
262  262   3.00000   5.00000   0.01927   0.98887
263  263   4.00000   5.00000   1.66698   1.29579
264  264   3.00000   5.00000   0.01927   0.98887
265  265   0.00000   5.00000  -1.80010   1.21241
266  266   3.00000   5.00000   0.01927   0.98887
267  267   3.00000   5.00000   0.01927   0.98887
268  268   3.00000   5.00000   0.01927   0.98887
269  269   1.00000   5.00000  -1.10286   0.88863
270  270   3.00000   5.00000   0.01927   0.98887
271  271   1.00000   5.00000  -1.10286   0.88863
272  272   3.00000   5.00000   0.01927   0.98887
273  273   0.00000   5.00000  -1.80010   1.21241
274  274   2.00000   5.00000  -0.62010   0.85275
275  275   0.00000   5.00000  -1.80010   1.21241
276  276   1.00000   5.00000  -1.10286   0.88863
277  277   4.00000   5.00000   1.66698   1.29579
278  278   0.00000   5.00000  -1.80010   1.21241
279  279   2.00000   5.00000  -0.62010   0.85275
280  280   2.00000   5.00000  -0.62010   0.85275
281  281   2.00000   5.00000  -0.62010   0.85275
282  282   1.00000   5.00000  -1.10286   0.88863
283  283   3.00000   5.00000   0.01927   0.98887
284  284   4.00000   5.00000   1.66698   1.29579
285  285   3.00000   5.00000   0.01927   0.98887
286  286   0.00000   5.00000  -1.80010   1.21241
287  287   3.00000   5.00000   0.01927   0.98887
288  288   1.00000   3.00000   0.17558   1.41756
289  289   4.00000   5.00000   1.66698   1.29579
291  291   2.00000   5.00000  -0.62010   0.85275
292  292   1.00000   5.00000  -1.10286   0.88863
293  293   3.00000   5.00000   0.01927   0.98887
294  294   2.00000   5.00000  -0.62010   0.85275
295  295   0.00000   5.00000  -1.80010   1.21241
296  296   3.00000   5.00000   0.01927   0.98887
297  297   3.00000   5.00000   0.01927   0.98887
298  298   0.00000   5.00000  -1.80010   1.21241
299  299   4.00000   5.00000   1.66698   1.29579
300  300   1.00000   5.00000  -1.10286   0.88863
301  301   3.00000   5.00000   0.01927   0.98887
302  302   0.00000   3.00000  -1.91854   2.04550
303  303   1.00000   3.00000   0.17558   1.41756
304  304   0.00000   3.00000  -1.91854   2.04550
305  305   1.00000   3.00000   0.17558   1.41756
306  306   1.00000   3.00000   0.17558   1.41756
307  307   2.00000   5.00000  -0.62010   0.85275
308  308   2.00000   5.00000  -0.62010   0.85275
309  309   4.00000   5.00000   1.66698   1.29579
310  310   4.00000   5.00000   1.66698   1.29579
311  311   2.00000   5.00000  -0.62010   0.85275
312  312   3.00000   5.00000   0.01927   0.98887
313  313   2.00000   5.00000  -0.62010   0.85275
314  314   2.00000   5.00000  -0.62010   0.85275
315  315   2.00000   5.00000  -0.62010   0.85275
316  316   0.00000   5.00000  -1.80010   1.21241
317  317   3.00000   5.00000   0.01927   0.98887
318  318   2.00000   5.00000  -0.62010   0.85275
319  319   4.00000   5.00000   1.66698   1.29579
320  320   3.00000   5.00000   0.01927   0.98887
321  321   0.00000   5.00000  -1.80010   1.21241
322  322   1.00000   5.00000  -1.10286   0.88863
323  323   2.00000   5.00000  -0.62010   0.85275
324  324   0.00000   5.00000  -1.80010   1.21241
325  325   2.00000   5.00000  -0.62010   0.85275
326  326   3.00000   5.00000   0.01927   0.98887
327  327   1.00000   5.00000  -1.10286   0.88863
328  328   4.00000   5.00000   1.66698   1.29579
329  329   2.00000   5.00000  -0.62010   0.85275
330  330   1.00000   5.00000  -1.10286   0.88863
331  331   1.00000   5.00000  -1.10286   0.88863
332  332   3.00000   5.00000   0.01927   0.98887
333  333   3.00000   5.00000   0.01927   0.98887
334  334   3.00000   5.00000   0.01927   0.98887
335  335   3.00000   5.00000   0.01927   0.98887
336  336   1.00000   5.00000  -1.10286   0.88863
337  337   4.00000   5.00000   1.66698   1.29579
338  338   3.00000   5.00000   0.01927   0.98887
339  339   2.00000   5.00000  -0.62010   0.85275
340  340   3.00000   5.00000   0.01927   0.98887
341  341   3.00000   5.00000   0.01927   0.98887
342  342   2.00000   5.00000  -0.62010   0.85275
343  343   3.00000   5.00000   0.01927   0.98887
345  345   1.00000   5.00000  -1.10286   0.88863
346  346   2.00000   2.00000..
347  347   3.00000   5.00000   0.01927   0.98887
348  348   4.00000   5.00000   1.66698   1.29579
353  353   5.00000   6.00000   0.29612   0.95248
354  354   3.00000   6.00000  -0.79220   0.78159
355  355   6.00000   6.00000   1.59952   1.58997
356  356   0.00000   1.00000  -1.58076   2.30940
357  357   5.00000   6.00000   0.29612   0.95248
358  358   4.00000   6.00000  -0.32531   0.80308
359  359   2.00000   3.00000  -0.42700   0.96118
360  360   4.00000   6.00000  -0.32531   0.80308
361  361   6.00000   6.00000   1.59952   1.58997
362  362   5.00000   6.00000   0.29612   0.95248
364  364   5.00000   6.00000   0.29612   0.95248
365  365   3.00000   6.00000  -0.79220   0.78159
366  366   3.00000   6.00000  -0.79220   0.78159
367  367   6.00000   6.00000   1.59952   1.58997
368  368   4.00000   6.00000  -0.32531   0.80308
369  369   3.00000   6.00000  -0.79220   0.78159
370  370   4.00000   6.00000  -0.32531   0.80308
371  371   6.00000   6.00000   1.59952   1.58997
372  372   5.00000   6.00000   0.29612   0.95248
374  374   1.00000   6.00000  -2.26918   1.27825
375  375   6.00000   6.00000   1.59952   1.58997
376  376   2.00000   3.00000  -0.20830   1.38862
377  377   5.00000   6.00000   0.29612   0.95248
378  378   6.00000   6.00000   1.59952   1.58997
379  379   5.00000   6.00000   0.29612   0.95248
380  380   5.00000   6.00000   0.29612   0.95248
381  381   6.00000   6.00000   1.59952   1.58997
382  382   2.00000   6.00000  -1.28867   0.86319
383  383   3.00000   6.00000  -0.79220   0.78159
384  384   3.00000   6.00000  -0.79220   0.78159
385  385   6.00000   6.00000   1.59952   1.58997
386  386   6.00000  12.00000  -0.72117   0.55737
387  387   2.00000   5.00000  -1.09179   0.88803
388  388  10.00000  12.00000   0.51562   0.68893
389  389   8.00000  12.00000  -0.17557   0.57122
390  390   9.00000  12.00000   0.13552   0.61130
391  391   4.00000   5.00000  -0.00035   0.95585
393  393   9.00000  12.00000   0.13552   0.61130
394  394   8.00000  12.00000  -0.17557   0.57122
395  395   9.00000  12.00000   0.13552   0.61130
396  396  11.00000  12.00000   1.04918   0.85309
397  397   7.00000  12.00000  -0.45358   0.55464
398  398   7.00000  12.00000  -0.45358   0.55464
399  399  10.00000  12.00000   0.51562   0.68893
400  400  11.00000  12.00000   1.04918   0.85309
401  401   5.00000  12.00000  -0.99982   0.58162
402  402   9.00000  12.00000   0.13552   0.61130
403  403  10.00000  12.00000   0.51562   0.68893
404  404  10.00000  12.00000   0.51562   0.68893
405  405   8.00000  12.00000  -0.17557   0.57122
406  406  12.00000  12.00000   2.13440   1.42515
407  407  10.00000  12.00000   0.51562   0.68893
408  408  10.00000  12.00000   0.51562   0.68893
409  409   6.00000  12.00000  -0.72117   0.55737
410  410   3.00000   7.00000  -0.81557   0.75266
411  411   9.00000  12.00000   0.13552   0.61130
412  412   8.00000  12.00000  -0.17557   0.57122
413  413   9.00000  12.00000   0.13552   0.61130
414  414   9.00000  12.00000   0.13552   0.61130
415  415   6.00000  12.00000  -0.72117   0.55737
416  416   7.00000  12.00000  -0.45358   0.55464
417  417   8.00000  12.00000  -0.17557   0.57122
418  418   4.00000   7.00000  -0.37564   0.72691
419  419  12.00000  12.00000   2.13440   1.42515
420  420   7.00000   9.00000   0.28191   0.80805
422  422   7.00000   9.00000   0.28191   0.80805
423  423   7.00000   9.00000   0.28191   0.80805
424  424   7.00000   9.00000   0.28191   0.80805
425  425   6.00000   9.00000  -0.20997   0.70387
426  426   6.00000   9.00000  -0.20997   0.70387
427  427   3.00000   6.00000  -0.69118   0.76422
428  428   8.00000   9.00000   1.17321   1.08917
429  429   7.00000   9.00000   0.28191   0.80805
430  430   7.00000   9.00000   0.28191   0.80805
431  431   4.00000   9.00000  -0.95608   0.69220
432  432   5.00000   9.00000  -0.59095   0.67225
433  433   7.00000   9.00000   0.28191   0.80805
434  434   7.00000   9.00000   0.28191   0.80805
435  435   8.00000   9.00000   1.17321   1.08917
436  436   8.00000   9.00000   1.17321   1.08917
437  437   5.00000   9.00000  -0.59095   0.67225
438  438   8.00000   9.00000   1.17321   1.08917
439  439   6.00000   9.00000  -0.20997   0.70387
440  440   8.00000   9.00000   1.17321   1.08917
441  441   6.00000   9.00000  -0.20997   0.70387
442  442   5.00000   9.00000  -0.59095   0.67225
443  443   8.00000   9.00000   1.17321   1.08917
444  444   8.00000   9.00000   1.17321   1.08917
445  445   5.00000   9.00000  -0.59095   0.67225
446  446   4.00000   9.00000  -0.95608   0.69220
447  447   6.00000   9.00000  -0.20997   0.70387
448  448   9.00000   9.00000   3.03309   1.87660
449  449   8.00000   9.00000   1.17321   1.08917
451  451   8.00000   9.00000   1.17321   1.08917
452  452   5.00000   5.00000   2.58543   1.94450
453  453   5.00000   5.00000   2.58543   1.94450
454  454   4.00000   5.00000   0.53551   1.11492
456  456   5.00000   5.00000   2.58543   1.94450
457  457   1.00000   5.00000  -1.26736   0.87093
458  458   2.00000   5.00000  -0.79649   0.79765
459  459   4.00000   5.00000   0.53551   1.11492
461  461   4.00000   5.00000   0.53551   1.11492
462  462   3.00000   5.00000  -0.31949   0.84528
463  463   5.00000   5.00000   2.58543   1.94450
464  464   4.00000   5.00000   0.53551   1.11492
465  465   4.00000   5.00000   0.53551   1.11492
466  466   4.00000   5.00000   0.53551   1.11492
467  467   5.00000   5.00000   2.58543   1.94450
469  469   1.00000   5.00000  -1.26736   0.87093
470  470   2.00000   5.00000  -0.79649   0.79765
471  471   5.00000   5.00000   2.58543   1.94450
472  472   4.00000   5.00000   0.53551   1.11492
473  473   4.00000   5.00000   0.53551   1.11492
474  474   4.00000   5.00000   0.53551   1.11492
476  476   4.00000   5.00000   0.53551   1.11492
477  477   4.00000   5.00000   0.53551   1.11492
478  478   4.00000   5.00000   0.53551   1.11492
479  479   4.00000   5.00000   0.53551   1.11492
480  480   4.00000   5.00000   0.53551   1.11492
481  481   4.00000   5.00000   0.53551   1.11492
482  482   5.00000   5.00000   2.58543   1.94450
483  483   3.00000   5.00000  -0.31949   0.84528
484  484   7.00000   8.00000   1.20532   0.99290
486  486   4.00000   8.00000  -0.41402   0.64920
487  487   7.00000   8.00000   1.20532   0.99290
488  488   2.00000   6.00000  -0.68110   0.83477
489  489   7.00000   8.00000   1.20532   0.99290
490  490   4.00000   8.00000  -0.41402   0.64920
491  491   2.00000   8.00000  -1.11411   0.68801
492  492   4.00000   8.00000  -0.41402   0.64920
493  493   7.00000   8.00000   1.20532   0.99290
494  494   5.00000   8.00000  -0.02408   0.69072
495  495   4.00000   8.00000  -0.41402   0.64920
496  496   7.00000   8.00000   1.20532   0.99290
497  497   6.00000   8.00000   0.47107   0.78500
498  498   4.00000   8.00000  -0.41402   0.64920
499  499   7.00000   8.00000   1.20532   0.99290
500  500   1.00000   8.00000  -1.56282   0.81302
501  501   2.00000   8.00000  -1.11411   0.68801
502  502   6.00000   8.00000   0.47107   0.78500
503  503   8.00000   8.00000   2.70592   1.70241
504  504   1.00000   8.00000  -1.56282   0.81302
505  505   7.00000   8.00000   1.20532   0.99290
506  506   6.00000   8.00000   0.47107   0.78500
509  509   5.00000   8.00000  -0.02408   0.69072
510  510   6.00000   8.00000   0.47107   0.78500
512  512   6.00000   8.00000   0.47107   0.78500
515  515   5.00000   8.00000  -0.02408   0.69072
516  516   7.00000   8.00000   1.20532   0.99290
517  517   6.00000   8.00000   0.47107   0.78500
518  518   7.00000   8.00000   1.20532   0.99290
519  519   6.00000   8.00000   0.47107   0.78500
520  520   2.00000   8.00000  -1.11411   0.68801
521  521   4.00000   8.00000  -0.41402   0.64920
522  522   6.00000   8.00000   0.47107   0.78500
523  523   5.00000   8.00000  -0.02408   0.69072
524  524   6.00000   8.00000   0.47107   0.78500
525  525   5.00000   8.00000  -0.02408   0.69072
526  526   8.00000   8.00000   2.70592   1.70241
527  527   5.00000   8.00000  -0.02408   0.69072
528  528   5.00000   8.00000  -0.02408   0.69072
529  529   7.00000   8.00000   1.20532   0.99290
530  530   0.00000   5.00000  -1.80010   1.21241
531  531   3.00000   5.00000   0.01927   0.98887
532  532   3.00000   5.00000   0.01927   0.98887
533  533   4.00000   5.00000   1.66698   1.29579
534  534   1.00000   3.00000   0.17558   1.41756
535  535   3.00000   5.00000   0.01927   0.98887
536  536   3.00000   5.00000   0.01927   0.98887
537  537   3.00000   5.00000   0.01927   0.98887
538  538   3.00000   5.00000   0.01927   0.98887
539  539   5.00000   5.00000   3.32254   1.86173
540  540   4.00000   5.00000   1.66698   1.29579
541  541   0.00000   3.00000  -1.91854   2.04550
542  542   1.00000   5.00000  -1.10286   0.88863
543  543   2.00000   5.00000  -0.62010   0.85275
544  544   3.00000   5.00000   0.01927   0.98887
545  545   3.00000   5.00000   0.01927   0.98887
546  546   3.00000   5.00000   0.01927   0.98887
547  547   2.00000   5.00000  -0.62010   0.85275
548  548   3.00000   5.00000   0.01927   0.98887
549  549   5.00000   5.00000   3.32254   1.86173
551  551   2.00000   2.00000..
552  552   3.00000   5.00000   0.01927   0.98887
553  553   3.00000   5.00000   0.01927   0.98887
554  554   3.00000   5.00000   0.01927   0.98887
555  555   4.00000   5.00000   1.66698   1.29579
556  556   4.00000   5.00000   1.66698   1.29579
557  557   5.00000   5.00000   3.32254   1.86173
558  558   3.00000   5.00000   0.01927   0.98887
559  559   3.00000   5.00000   0.01927   0.98887
560  560   3.00000   5.00000   0.01927   0.98887
561  561   3.00000   6.00000  -0.79220   0.78159
562  562   6.00000   6.00000   1.59952   1.58997
563  563   4.00000   6.00000  -0.32531   0.80308
564  564   5.00000   6.00000   0.29612   0.95248
565  565   4.00000   6.00000  -0.32531   0.80308
566  566   5.00000   6.00000   0.29612   0.95248
567  567   6.00000   6.00000   1.59952   1.58997
568  568   6.00000   6.00000   1.59952   1.58997
569  569   6.00000   6.00000   1.59952   1.58997
570  570   3.00000   6.00000  -0.79220   0.78159
571  571   6.00000   6.00000   1.59952   1.58997
572  572   6.00000   6.00000   1.59952   1.58997
573  573   4.00000   6.00000  -0.32531   0.80308
574  574   5.00000   6.00000   0.29612   0.95248
575  575   3.00000   6.00000  -0.79220   0.78159
576  576   6.00000   6.00000   1.59952   1.58997
577  577   3.00000   6.00000  -0.79220   0.78159
578  578   4.00000   6.00000  -0.32531   0.80308
579  579   6.00000   6.00000   1.59952   1.58997
581  581   6.00000   6.00000   1.59952   1.58997
582  582   5.00000   6.00000   0.29612   0.95248
583  583   5.00000   6.00000   0.29612   0.95248
584  584   1.00000   6.00000  -2.26918   1.27825
585  585   6.00000   6.00000   1.59952   1.58997
586  586   4.00000   6.00000  -0.32531   0.80308
587  587   3.00000   6.00000  -0.79220   0.78159
588  588   6.00000   6.00000   1.59952   1.58997
589  589   3.00000   6.00000  -0.79220   0.78159
590  590   6.00000   6.00000   1.59952   1.58997
591  591   6.00000   6.00000   1.59952   1.58997
592  592   6.00000   6.00000   1.59952   1.58997
593  593   2.00000   6.00000  -1.28867   0.86319
594  594   6.00000   6.00000   1.59952   1.58997
595  595   4.00000   6.00000  -0.32531   0.80308
596  596   3.00000   6.00000  -0.79220   0.78159
597  597   3.00000   6.00000  -0.79220   0.78159
598  598   6.00000   6.00000   1.59952   1.58997
599  599   1.00000   3.00000  -0.97149   0.95195
600  600   4.00000   6.00000  -0.32531   0.80308
601  601   3.00000   3.00000   1.38366   1.87949
602  602   2.00000   6.00000  -1.28867   0.86319
603  603   1.00000   6.00000  -2.26918   1.27825
604  604   2.00000   6.00000  -1.28867   0.86319
605  605   4.00000   6.00000  -0.32531   0.80308
606  606   4.00000   6.00000  -0.32531   0.80308
607  607   1.00000   6.00000  -2.26918   1.27825
608  608   4.00000   6.00000  -0.32531   0.80308
609  609   6.00000   6.00000   1.59952   1.58997
610  610   6.00000   6.00000   1.59952   1.58997
611  611   5.00000   6.00000   0.29612   0.95248
612  612   4.00000   6.00000  -0.32531   0.80308
613  613   4.00000   6.00000  -0.32531   0.80308
614  614   6.00000   6.00000   1.59952   1.58997
615  615   4.00000   6.00000  -0.32531   0.80308
616  616   5.00000   6.00000   0.29612   0.95248
617  617   5.00000   6.00000   0.29612   0.95248
618  618   5.00000   6.00000   0.29612   0.95248
619  619   5.00000   6.00000   0.29612   0.95248
620  620   4.00000   6.00000  -0.32531   0.80308
621  621   3.00000   6.00000  -0.79220   0.78159
622  622   4.00000   6.00000  -0.32531   0.80308
623  623   6.00000   6.00000   1.59952   1.58997
624  624   4.00000   6.00000  -0.32531   0.80308
625  625   6.00000   6.00000   1.59952   1.58997
626  626   3.00000   6.00000  -0.79220   0.78159
627  627   6.00000   6.00000   1.59952   1.58997
628  628   2.00000   3.00000  -0.20830   1.38862
629  629   6.00000   6.00000   1.59952   1.58997
630  630   4.00000   6.00000  -0.32531   0.80308
631  631   3.00000   6.00000  -0.79220   0.78159
632  632   3.00000   6.00000  -0.79220   0.78159
633  633   4.00000   6.00000  -0.32531   0.80308
634  634   3.00000   6.00000  -0.79220   0.78159
635  635   5.00000   6.00000   0.29612   0.95248
636  636   3.00000   6.00000  -0.79220   0.78159
637  637   2.00000   6.00000  -1.28867   0.86319
638  638   6.00000   6.00000   1.59952   1.58997
639  639   5.00000   6.00000   0.29612   0.95248
640  640   6.00000   6.00000   1.59952   1.58997
641  641   3.00000   6.00000  -0.79220   0.78159
642  642   2.00000   5.00000  -1.09179   0.88803
643  643   1.00000   6.00000  -2.26918   1.27825
644  644   2.00000   6.00000  -1.28867   0.86319
645  645  10.00000  12.00000   0.51562   0.68893
646  646   9.00000  12.00000   0.13552   0.61130
647  647  10.00000  12.00000   0.51562   0.68893
648  648   3.00000  12.00000  -1.75841   0.75786
649  649   9.00000  12.00000   0.13552   0.61130
650  650   7.00000  12.00000  -0.45358   0.55464
651  651   9.00000  12.00000   0.13552   0.61130
652  652   8.00000  12.00000  -0.17557   0.57122
653  653  12.00000  12.00000   2.13440   1.42515
654  654   8.00000  12.00000  -0.17557   0.57122
655  655  10.00000  12.00000   0.51562   0.68893
656  656   9.00000  12.00000   0.13552   0.61130
657  657  10.00000  12.00000   0.51562   0.68893
658  658   7.00000  12.00000  -0.45358   0.55464
659  659   4.00000  12.00000  -1.32142   0.63744
660  660   8.00000  12.00000  -0.17557   0.57122
661  661  12.00000  12.00000   2.13440   1.42515
662  662  11.00000  12.00000   1.04918   0.85309
663  663  12.00000  12.00000   2.13440   1.42515
665  665  11.00000  12.00000   1.04918   0.85309
666  666   5.00000  12.00000  -0.99982   0.58162
667  667  12.00000  12.00000   2.13440   1.42515
669  669   8.00000  12.00000  -0.17557   0.57122
671  671   9.00000  12.00000   0.13552   0.61130
672  672   9.00000  12.00000   0.13552   0.61130
673  673   7.00000  12.00000  -0.45358   0.55464
674  674   6.00000  12.00000  -0.72117   0.55737
675  675   8.00000  12.00000  -0.17557   0.57122
676  676  12.00000  12.00000   2.13440   1.42515
677  677   9.00000  12.00000   0.13552   0.61130
678  678  11.00000  12.00000   1.04918   0.85309
679  679   6.00000  12.00000  -0.72117   0.55737
680  680   8.00000  12.00000  -0.17557   0.57122
681  681   6.00000  12.00000  -0.72117   0.55737
682  682   5.00000  12.00000  -0.99982   0.58162
683  683   3.00000  12.00000  -1.75841   0.75786
684  684   8.00000  12.00000  -0.17557   0.57122
685  685  11.00000  12.00000   1.04918   0.85309
686  686   3.00000  12.00000  -1.75841   0.75786
687  687   7.00000  12.00000  -0.45358   0.55464
688  688   5.00000  12.00000  -0.99982   0.58162
689  689  10.00000  12.00000   0.51562   0.68893
690  690   3.00000  12.00000  -1.75841   0.75786
691  691   9.00000  12.00000   0.13552   0.61130
692  692   9.00000  12.00000   0.13552   0.61130
693  693   8.00000  12.00000  -0.17557   0.57122
694  694  10.00000  12.00000   0.51562   0.68893
695  695  12.00000  12.00000   2.13440   1.42515
696  696   7.00000  12.00000  -0.45358   0.55464
697  697  10.00000  12.00000   0.51562   0.68893
698  698   7.00000  12.00000  -0.45358   0.55464
699  699   4.00000  12.00000  -1.32142   0.63744
700  700   9.00000  12.00000   0.13552   0.61130
701  701  10.00000  12.00000   0.51562   0.68893
702  702  10.00000  12.00000   0.51562   0.68893
703  703   9.00000  12.00000   0.13552   0.61130
704  704   8.00000  12.00000  -0.17557   0.57122
705  705   2.00000  12.00000  -2.70167   1.09434
706  706  11.00000  12.00000   1.04918   0.85309
707  707  10.00000  12.00000   0.51562   0.68893
708  708   9.00000  12.00000   0.13552   0.61130
709  709   9.00000  12.00000   0.13552   0.61130
710  710  10.00000  12.00000   0.51562   0.68893
711  711  10.00000  12.00000   0.51562   0.68893
712  712   9.00000  12.00000   0.13552   0.61130
713  713   9.00000  12.00000   0.13552   0.61130
714  714   7.00000  12.00000  -0.45358   0.55464
716  716  12.00000  12.00000   2.13440   1.42515
717  717  10.00000  12.00000   0.51562   0.68893
718  718   7.00000  12.00000  -0.45358   0.55464
719  719  10.00000  12.00000   0.51562   0.68893
720  720   9.00000  12.00000   0.13552   0.61130
721  721   8.00000  12.00000  -0.17557   0.57122
722  722  11.00000  12.00000   1.04918   0.85309
723  723  11.00000  12.00000   1.04918   0.85309
724  724  10.00000  12.00000   0.51562   0.68893
725  725   7.00000  12.00000  -0.45358   0.55464
726  726   4.00000  12.00000  -1.32142   0.63744
727  727   5.00000  12.00000  -0.99982   0.58162
728  728   4.00000  12.00000  -1.32142   0.63744
729  729   4.00000  12.00000  -1.32142   0.63744
730  730   6.00000  12.00000  -0.72117   0.55737
731  731   3.00000   9.00000  -1.38838   0.78337
732  732   6.00000   9.00000  -0.20997   0.70387
733  733   6.00000   9.00000  -0.20997   0.70387
734  734   7.00000   9.00000   0.28191   0.80805
735  735   8.00000   9.00000   1.17321   1.08917
736  736   8.00000   9.00000   1.17321   1.08917
737  737   9.00000   9.00000   3.03309   1.87660
738  738   8.00000   9.00000   1.17321   1.08917
739  739   6.00000   9.00000  -0.20997   0.70387
740  740   8.00000   9.00000   1.17321   1.08917
741  741   5.00000   9.00000  -0.59095   0.67225
742  742   4.00000   9.00000  -0.95608   0.69220
743  743   4.00000   9.00000  -0.95608   0.69220
744  744   7.00000   9.00000   0.28191   0.80805
745  745   5.00000   9.00000  -0.59095   0.67225
746  746   5.00000   9.00000  -0.59095   0.67225
747  747   8.00000   9.00000   1.17321   1.08917
748  748   3.00000   9.00000  -1.38838   0.78337
749  749   6.00000   9.00000  -0.20997   0.70387
751  751   5.00000   9.00000  -0.59095   0.67225
752  752   5.00000   9.00000  -0.59095   0.67225
753  753   5.00000   6.00000   0.41527   1.03468
754  754   3.00000   9.00000  -1.38838   0.78337
755  755   5.00000   9.00000  -0.59095   0.67225
756  756   8.00000   9.00000   1.17321   1.08917
757  757   8.00000   9.00000   1.17321   1.08917
758  758   5.00000   9.00000  -0.59095   0.67225
759  759   6.00000   9.00000  -0.20997   0.70387
760  760   6.00000   9.00000  -0.20997   0.70387
761  761   7.00000   9.00000   0.28191   0.80805
762  762   6.00000   9.00000  -0.20997   0.70387
763  763   5.00000   9.00000  -0.59095   0.67225
764  764   6.00000   9.00000  -0.20997   0.70387
765  765   8.00000   9.00000   1.17321   1.08917
766  766   5.00000   9.00000  -0.59095   0.67225
767  767   3.00000   9.00000  -1.38838   0.78337
769  769   5.00000   9.00000  -0.59095   0.67225
770  770   7.00000   9.00000   0.28191   0.80805
771  771   8.00000   9.00000   1.17321   1.08917
772  772   4.00000   9.00000  -0.95608   0.69220
773  773   4.00000   9.00000  -0.95608   0.69220
774  774   6.00000   9.00000  -0.20997   0.70387
775  775   7.00000   9.00000   0.28191   0.80805
776  776   8.00000   9.00000   1.17321   1.08917
777  777   3.00000   9.00000  -1.38838   0.78337
778  778   7.00000   9.00000   0.28191   0.80805
779  779   7.00000   9.00000   0.28191   0.80805
780  780   5.00000   9.00000  -0.59095   0.67225
781  781   8.00000   9.00000   1.17321   1.08917
782  782   8.00000   9.00000   1.17321   1.08917
783  783   6.00000   9.00000  -0.20997   0.70387
784  784   8.00000   9.00000   1.17321   1.08917
785  785   5.00000   9.00000  -0.59095   0.67225
786  786   7.00000   9.00000   0.28191   0.80805
787  787   4.00000   9.00000  -0.95608   0.69220
788  788   9.00000   9.00000   3.03309   1.87660
789  789   5.00000   9.00000  -0.59095   0.67225
790  790   7.00000   9.00000   0.28191   0.80805
791  791   8.00000   9.00000   1.17321   1.08917
792  792   4.00000   9.00000  -0.95608   0.69220
793  793   8.00000   9.00000   1.17321   1.08917
794  794   7.00000   9.00000   0.28191   0.80805
795  795   7.00000   9.00000   0.28191   0.80805
796  796   8.00000   9.00000   1.17321   1.08917
797  797   6.00000   9.00000  -0.20997   0.70387
798  798   5.00000   9.00000  -0.59095   0.67225
799  799   8.00000   9.00000   1.17321   1.08917
800  800   5.00000   9.00000  -0.59095   0.67225
801  801   6.00000   9.00000  -0.20997   0.70387
802  802   4.00000   9.00000  -0.95608   0.69220
803  803   6.00000   9.00000  -0.20997   0.70387
804  804   8.00000   9.00000   1.17321   1.08917
805  805   6.00000   9.00000  -0.20997   0.70387
806  806   8.00000   9.00000   1.17321   1.08917
807  807   8.00000   9.00000   1.17321   1.08917
808  808   8.00000   9.00000   1.17321   1.08917
809  809   4.00000   9.00000  -0.95608   0.69220
810  810   4.00000   9.00000  -0.95608   0.69220
811  811   2.00000   9.00000  -2.23883   1.11756
812  812   4.00000   9.00000  -0.95608   0.69220
813  813   7.00000   9.00000   0.28191   0.80805
814  814   5.00000   9.00000  -0.59095   0.67225
815  815   7.00000   9.00000   0.28191   0.80805
816  816   1.00000   5.00000  -1.10286   0.88863
817  817   0.00000   5.00000  -1.80010   1.21241
818  818   3.00000   5.00000   0.01927   0.98887
819  819   2.00000   5.00000  -0.62010   0.85275
820  820   4.00000   5.00000   1.66698   1.29579
821  821   2.00000   3.00000  -0.25368   1.09159
822  822   4.00000   5.00000   1.66698   1.29579
823  823   3.00000   5.00000   0.01927   0.98887
824  824   1.00000   3.00000   0.17558   1.41756
825  825   3.00000   5.00000   0.01927   0.98887
826  826   1.00000   3.00000   0.17558   1.41756
827  827   3.00000   5.00000   0.01927   0.98887
828  828   1.00000   5.00000  -1.10286   0.88863
829  829   4.00000   5.00000   1.66698   1.29579
830  830   1.00000   5.00000  -1.10286   0.88863
831  831   5.00000   8.00000  -0.02408   0.69072
832  832   4.00000   8.00000  -0.41402   0.64920
833  833   3.00000   8.00000  -0.75933   0.64673
834  834   8.00000   8.00000   2.70592   1.70241
835  835   6.00000   8.00000   0.47107   0.78500
836  836   4.00000   8.00000  -0.41402   0.64920
837  837   6.00000   8.00000   0.47107   0.78500
838  838   5.00000   8.00000  -0.02408   0.69072
839  839   7.00000   8.00000   1.20532   0.99290
840  840   3.00000   8.00000  -0.75933   0.64673
841  841   1.00000   8.00000  -1.56282   0.81302
842  842   3.00000   8.00000  -0.75933   0.64673
843  843   7.00000   8.00000   1.20532   0.99290
844  844   4.00000   8.00000  -0.41402   0.64920
845  845   7.00000   8.00000   1.20532   0.99290
846  846   0.00000   8.00000  -2.48027   1.31218
848  848   4.00000   5.00000   0.53551   1.11492
849  849   1.00000   2.00000   0.32935   1.64733
850  850   5.00000   5.00000   2.58543   1.94450
851  851   2.00000   5.00000  -0.79649   0.79765
852  852   5.00000   5.00000   2.58543   1.94450
853  853   2.00000   5.00000  -0.79649   0.79765
854  854   4.00000   5.00000   0.53551   1.11492
855  855   2.00000   5.00000  -0.79649   0.79765
856  856   5.00000   5.00000   2.58543   1.94450
857  857   5.00000   5.00000   2.58543   1.94450
858  858   3.00000   5.00000  -0.31949   0.84528
859  859   3.00000   5.00000  -0.31949   0.84528
860  860   5.00000   5.00000   2.58543   1.94450
861  861   1.00000   5.00000  -1.26736   0.87093
862  862   5.00000   5.00000   2.58543   1.94450