1  1   1.00000   6.00000  -0.59363   1.09622
2  2   3.00000   6.00000   0.77455   0.77611
3  3   1.00000   6.00000  -0.59363   1.09622
4  4   2.00000   6.00000   0.24500   0.84681
5  5   1.00000   6.00000  -0.59363   1.09622
6  6   0.00000   4.00000  -0.54531   1.33846
7  7   2.00000   6.00000   0.24500   0.84681
8  8   2.00000   4.00000   0.91399   0.85320
10  10   1.00000   6.00000  -0.59363   1.09622
11  11   1.00000   6.00000  -0.59363   1.09622
12  12   3.00000   6.00000   0.77455   0.77611
13  13   1.00000   6.00000  -0.59363   1.09622
14  14   1.00000   6.00000  -0.59363   1.09622
15  15   3.00000   6.00000   0.77455   0.77611
16  16   2.00000   6.00000   0.24500   0.84681
17  17   1.00000   6.00000  -0.59363   1.09622
18  18   2.00000   6.00000   0.24500   0.84681
19  19   5.00000   6.00000   1.80797   0.90528
20  20   1.00000   6.00000  -0.59363   1.09622
21  21   0.00000   6.00000  -2.64005   1.95728
22  22   2.00000   6.00000   0.24500   0.84681
23  23   2.00000   6.00000   0.24500   0.84681
24  24   2.00000   8.00000  -1.06926   0.90894
25  25   1.00000   8.00000  -2.01182   1.10662
26  26   2.00000   8.00000  -1.06926   0.90894
27  27   4.00000   8.00000   0.20426   0.74572
28  28   1.00000   8.00000  -2.01182   1.10662
30  30   8.00000   8.00000   2.51360   1.29465
31  31   4.00000   8.00000   0.20426   0.74572
32  32   2.00000   8.00000  -1.06926   0.90894
33  33   4.00000   8.00000   0.20426   0.74572
34  34   3.00000   8.00000  -0.36226   0.80546
35  35   6.00000   8.00000   1.13480   0.75321
37  37   6.00000   8.00000   1.13480   0.75321
38  38   2.00000   8.00000  -1.06926   0.90894
39  39   3.00000   8.00000  -0.36226   0.80546
40  40   1.00000   8.00000  -2.01182   1.10662
41  41   6.00000   8.00000   1.13480   0.75321
42  42   4.00000   8.00000   0.20426   0.74572
43  43   4.00000   8.00000   0.20426   0.74572
44  44   3.00000   8.00000  -0.36226   0.80546
45  45   5.00000   8.00000   0.68220   0.72585
46  46   2.00000   8.00000  -1.06926   0.90894
47  47   4.00000   8.00000   0.20426   0.74572
48  48   3.00000   8.00000  -0.36226   0.80546
50  50   4.00000   8.00000   0.99224   0.63478
51  51   0.00000   6.00000  -1.21894   1.41693
52  52   1.00000   8.00000  -0.29337   0.86151
53  53   2.00000   8.00000   0.23675   0.71467
54  54   2.00000   8.00000   0.23675   0.71467
55  55   3.00000   8.00000   0.63789   0.65406
56  56   0.00000   8.00000  -1.32841   1.39962
57  57   2.00000   8.00000   0.23675   0.71467
58  58   4.00000   8.00000   0.99224   0.63478
59  59   0.00000   8.00000  -1.32841   1.39962
60  60   2.00000   8.00000   0.23675   0.71467
61  61   0.00000   6.00000  -0.72540   1.30853
64  64   4.00000   8.00000   0.99224   0.63478
65  65   2.00000   8.00000   0.23675   0.71467
66  66   0.00000   8.00000  -1.32841   1.39962
67  67   3.00000   8.00000   0.63789   0.65406
68  68   3.00000   8.00000   0.63789   0.65406
69  69   1.00000   8.00000  -0.29337   0.86151
70  70   2.00000   8.00000   0.23675   0.71467
71  71   2.00000   8.00000   0.23675   0.71467
72  72   1.00000   8.00000  -0.29337   0.86151
73  73   0.00000   8.00000  -1.32841   1.39962
74  74   1.00000   8.00000  -0.29337   0.86151
75  75   2.00000   8.00000   0.23675   0.71467
76  76   3.00000   8.00000   0.63789   0.65406
77  77   1.00000  10.00000  -1.69087   1.07251
78  78   6.00000  10.00000   0.95254   0.64254
79  79   6.00000  10.00000   0.95254   0.64254
80  80   2.00000  10.00000  -0.83984   0.82184
81  81   2.00000  10.00000  -0.83984   0.82184
82  82   6.00000  10.00000   0.95254   0.64254
83  83   6.00000  10.00000   0.95254   0.64254
84  84   3.00000  10.00000  -0.31161   0.72442
85  85   3.00000  10.00000  -0.31161   0.72442
86  86   6.00000  10.00000   0.95254   0.64254
87  87   3.00000  10.00000  -0.31161   0.72442
88  88   2.00000  10.00000  -0.83984   0.82184
89  89   4.00000  10.00000   0.14119   0.67834
90  90   1.00000  10.00000  -1.69087   1.07251
91  91   4.00000  10.00000   0.14119   0.67834
92  92   4.00000  10.00000   0.14119   0.67834
93  93   1.00000  10.00000  -1.69087   1.07251
94  94   2.00000  10.00000  -0.83984   0.82184
96  96   3.00000  10.00000  -0.31161   0.72442
98  98   3.00000  10.00000  -0.31161   0.72442
99  99   4.00000  10.00000   0.14119   0.67834
100  100   1.00000  10.00000  -1.69087   1.07251
101  101   3.00000  10.00000  -0.31161   0.72442
102  102   3.00000  10.00000  -0.31161   0.72442
103  103   2.00000  10.00000  -0.83984   0.82184
104  104   4.00000  10.00000   0.14119   0.67834
105  105   2.00000  10.00000  -0.83984   0.82184
106  106   1.00000  10.00000  -1.69087   1.07251
107  107   2.00000  10.00000  -0.83984   0.82184
108  108   4.00000  10.00000   0.14119   0.67834
109  109   4.00000  10.00000   0.14119   0.67834
110  110   5.00000  10.00000   0.56363   0.65259
111  111   3.00000  10.00000  -0.31161   0.72442
112  112   3.00000  10.00000  -0.31161   0.72442
113  113   2.00000  10.00000  -0.83984   0.82184
114  114   5.00000  10.00000   0.56363   0.65259
115  115   4.00000  10.00000   0.14119   0.67834
116  116   1.00000  10.00000  -1.69087   1.07251
122  122   6.00000  10.00000   0.95254   0.64254
123  123   1.00000  10.00000  -1.69087   1.07251
124  124   4.00000  10.00000   0.14119   0.67834
125  125   2.00000  10.00000  -0.83984   0.82184
126  126   3.00000  10.00000  -0.31161   0.72442
127  127   2.00000  10.00000  -0.83984   0.82184
128  128   2.00000  10.00000  -0.83984   0.82184
129  129   2.00000  10.00000  -0.83984   0.82184
130  130   4.00000  10.00000   0.14119   0.67834
131  131   4.00000  10.00000   0.14119   0.67834
132  132   2.00000  10.00000  -0.83984   0.82184
133  133   2.00000  10.00000  -0.83984   0.82184
134  134   5.00000  10.00000   0.56363   0.65259
135  135   7.00000  10.00000   1.32308   0.65496
136  136   4.00000  10.00000   0.14119   0.67834
137  137   3.00000  10.00000  -0.31161   0.72442
138  138   4.00000  10.00000   0.14119   0.67834
139  139   4.00000  10.00000   0.14119   0.67834
140  140   4.00000  10.00000   0.14119   0.67834
141  141   4.00000  10.00000   0.14119   0.67834
142  142   2.00000  10.00000  -0.83984   0.82184
143  143   5.00000  10.00000   0.56363   0.65259
144  144   3.00000  10.00000  -0.31161   0.72442
145  145   1.00000  10.00000  -1.69087   1.07251
146  146   2.00000  10.00000  -0.83984   0.82184
147  147   5.00000  10.00000   0.56363   0.65259
148  148   3.00000  10.00000  -0.31161   0.72442
149  149   4.00000  10.00000   0.14119   0.67834
151  151   4.00000  10.00000   0.14119   0.67834
152  152   4.00000  10.00000   0.14119   0.67834
153  153   2.00000  10.00000  -0.83984   0.82184
154  154   2.00000  10.00000  -0.83984   0.82184
155  155   4.00000  10.00000   0.14119   0.67834
156  156   2.00000  10.00000  -0.83984   0.82184
157  157   2.00000  10.00000  -0.83984   0.82184
158  158   2.00000  10.00000  -0.83984   0.82184
160  160   4.00000  10.00000   0.14119   0.67834
161  161   1.00000  10.00000  -1.69087   1.07251
162  162   5.00000  10.00000   0.56363   0.65259
167  167   1.00000   8.00000  -1.02419   0.98849
168  168   1.00000   8.00000  -1.02419   0.98849
169  169   6.00000   8.00000   1.70396   0.75322
170  170   0.00000   8.00000  -2.58296   1.75535
171  171   1.00000   8.00000  -1.02419   0.98849
172  172   3.00000   8.00000   0.22796   0.77140
173  173   4.00000   8.00000   0.78780   0.73375
174  174   3.00000   8.00000   0.22796   0.77140
175  175   3.00000   8.00000   0.22796   0.77140
176  176   3.00000   8.00000   0.22796   0.77140
177  177   1.00000   4.00000  -0.92619   1.05611
178  178   0.00000   8.00000  -2.58296   1.75535
179  179   5.00000   8.00000   1.25881   0.71993
180  180   3.00000   8.00000   0.22796   0.77140
181  181   2.00000   8.00000  -0.35042   0.82813
182  182   1.00000   8.00000  -1.02419   0.98849
183  183   3.00000   8.00000   0.22796   0.77140
184  184   1.00000   8.00000  -1.02419   0.98849
185  185   2.00000   2.00000   0.52194   1.36964
186  186   4.00000   4.00000   2.47802   1.96280
187  187   1.00000   8.00000  -1.02419   0.98849
188  188   0.00000   8.00000  -2.58296   1.75535
189  189   2.00000   8.00000  -0.35042   0.82813
190  190   0.00000   2.00000  -1.04824   1.36961
191  191   1.00000   8.00000  -1.02419   0.98849
192  192   3.00000   8.00000   0.22796   0.77140
193  193   1.00000   8.00000  -1.02419   0.98849
194  194   3.00000   8.00000   0.22796   0.77140
195  195   3.00000   8.00000   0.22796   0.77140
196  196   2.00000   8.00000  -0.35042   0.82813
198  198   3.00000   8.00000   0.22796   0.77140
199  199   3.00000   8.00000   0.22796   0.77140
201  201   1.00000   8.00000  -1.02419   0.98849
203  203   4.00000   8.00000   0.78780   0.73375
204  204   3.00000   8.00000   0.22796   0.77140
205  205   2.00000   8.00000  -0.35042   0.82813
206  206   2.00000   8.00000  -0.35042   0.82813
208  208   7.00000   8.00000   2.23252   0.87570
209  209   5.00000   8.00000   1.25881   0.71993
210  210   3.00000   4.00000   0.52257   1.09421
211  211   2.00000   4.00000  -0.22492   0.96130
212  212   3.00000   4.00000   0.52257   1.09421
213  213   3.00000   4.00000   0.52257   1.09421
214  214   2.00000   8.00000  -0.35042   0.82813
215  215   4.00000   8.00000   0.78780   0.73375
216  216   2.00000   8.00000  -0.35042   0.82813
217  217   2.00000   8.00000  -0.35042   0.82813
218  218   5.00000   8.00000   1.25881   0.71993
220  220   3.00000   8.00000   0.22796   0.77140
221  221   3.00000   8.00000   0.22796   0.77140
222  222   0.00000   8.00000  -2.58296   1.75535
223  223   7.00000   8.00000   2.23252   0.87570
224  224   0.00000   8.00000  -2.58296   1.75535
225  225   0.00000   8.00000  -2.58296   1.75535
226  226   1.00000   6.00000  -0.22735   1.16792
227  227   5.00000   8.00000   1.25881   0.71993
228  228   0.00000   8.00000  -2.58296   1.75535
229  229   1.00000   8.00000  -1.02419   0.98849
230  230   3.00000   8.00000   0.22796   0.77140
231  231   5.00000   8.00000   1.25881   0.71993
232  232   1.00000   8.00000  -1.02419   0.98849
233  233   3.00000   8.00000   0.22796   0.77140
234  234   0.00000   8.00000  -2.58296   1.75535
235  235   3.00000   8.00000   0.22796   0.77140
236  236   0.00000   8.00000  -2.58296   1.75535
237  237   2.00000   8.00000  -0.35042   0.82813
238  238   3.00000   8.00000   0.22796   0.77140
239  239   6.00000   8.00000   1.70396   0.75322
240  240   3.00000   8.00000   0.22796   0.77140
241  241   0.00000   8.00000  -2.58296   1.75535
242  242   0.00000   4.00000   0.06281   1.29164
243  243   0.00000   4.00000   0.06281   1.29164
244  244   1.00000   8.00000  -1.02419   0.98849
245  245   3.00000   8.00000   0.22796   0.77140
246  246   3.00000   8.00000   0.22796   0.77140
247  247   4.00000   4.00000   2.80883   1.31045
248  248   1.00000   8.00000  -1.02419   0.98849
249  249   3.00000   8.00000   0.22796   0.77140
250  250   3.00000   8.00000   0.22796   0.77140
252  252   4.00000   8.00000   0.78780   0.73375
253  253   1.00000   6.00000  -0.22735   1.16792
254  254   4.00000   8.00000   0.78780   0.73375
255  255   2.00000   8.00000  -0.35042   0.82813
256  256   0.00000   4.00000   0.06281   1.29164
257  257   7.00000   8.00000   2.23252   0.87570
258  258   0.00000   4.00000   0.06281   1.29164
259  259   0.00000   4.00000   0.06281   1.29164
260  260   2.00000   4.00000   1.41975   0.84053
261  261   1.00000   8.00000  -1.01824   0.91171
262  262   2.00000   8.00000  -0.44027   0.78223
263  263   2.00000   8.00000  -0.44027   0.78223
264  264   1.00000   8.00000  -1.01824   0.91171
265  265   3.00000   8.00000   0.06287   0.74198
266  266   3.00000   8.00000   0.06287   0.74198
267  267   3.00000   8.00000   0.06287   0.74198
268  268   4.00000   8.00000   0.59046   0.72903
269  269   2.00000   8.00000  -0.44027   0.78223
270  270   3.00000   8.00000   0.06287   0.74198
271  271   2.00000   8.00000  -0.44027   0.78223
272  272   7.00000   8.00000   2.06717   0.86431
273  273   2.00000   8.00000  -0.44027   0.78223
274  274   2.00000   8.00000  -0.44027   0.78223
275  275   2.00000   8.00000  -0.44027   0.78223
276  276   3.00000   8.00000   0.06287   0.74198
277  277   5.00000   8.00000   1.09095   0.72421
278  278   3.00000   8.00000   0.06287   0.74198
279  279   2.00000   8.00000  -0.44027   0.78223
280  280   2.00000   8.00000  -0.44027   0.78223
281  281   5.00000   8.00000   1.09095   0.72421
282  282   2.00000   8.00000  -0.44027   0.78223
283  283   1.00000   8.00000  -1.01824   0.91171
284  284   6.00000   8.00000   1.55146   0.75391
285  285   2.00000   8.00000  -0.44027   0.78223
286  286   2.00000   8.00000  -0.44027   0.78223
287  287   1.00000   8.00000  -1.01824   0.91171
288  288   1.00000   6.00000  -0.54087   1.09969
289  289   4.00000   8.00000   0.59046   0.72903
291  291   2.00000   8.00000  -0.44027   0.78223
292  292   2.00000   8.00000  -0.44027   0.78223
293  293   1.00000   8.00000  -1.01824   0.91171
294  294   5.00000   8.00000   1.09095   0.72421
295  295   2.00000   8.00000  -0.44027   0.78223
296  296   3.00000   8.00000   0.06287   0.74198
297  297   6.00000   8.00000   1.55146   0.75391
298  298   3.00000   8.00000   0.06287   0.74198
299  299   8.00000   8.00000   2.94177   1.30126
300  300   3.00000   8.00000   0.06287   0.74198
301  301   1.00000   8.00000  -1.01824   0.91171
302  302   1.00000   6.00000  -0.54087   1.09969
303  303   3.00000   6.00000   1.02906   0.79023
304  304   1.00000   6.00000  -0.54087   1.09969
305  305   1.00000   6.00000  -0.54087   1.09969
306  306   4.00000   6.00000   1.51360   0.78701
307  307   2.00000   8.00000  -0.44027   0.78223
308  308   3.00000   8.00000   0.06287   0.74198
309  309   3.00000   8.00000   0.06287   0.74198
310  310   4.00000   8.00000   0.59046   0.72903
311  311   3.00000   8.00000   0.06287   0.74198
312  312   2.00000   8.00000  -0.44027   0.78223
313  313   5.00000   8.00000   1.09095   0.72421
314  314   1.00000   8.00000  -1.01824   0.91171
315  315   5.00000   8.00000   1.09095   0.72421
316  316   2.00000   8.00000  -0.44027   0.78223
317  317   0.00000   8.00000  -2.10714   1.45810
318  318   2.00000   8.00000  -0.44027   0.78223
319  319   4.00000   8.00000   0.59046   0.72903
320  320   0.00000   8.00000  -2.10714   1.45810
321  321   2.00000   8.00000  -0.44027   0.78223
322  322   2.00000   8.00000  -0.44027   0.78223
323  323   1.00000   8.00000  -1.01824   0.91171
324  324   1.00000   8.00000  -1.01824   0.91171
325  325   1.00000   8.00000  -1.01824   0.91171
326  326   4.00000   8.00000   0.59046   0.72903
327  327   1.00000   8.00000  -1.01824   0.91171
328  328   2.00000   8.00000  -0.44027   0.78223
329  329   1.00000   8.00000  -1.01824   0.91171
330  330   3.00000   8.00000   0.06287   0.74198
331  331   2.00000   8.00000  -0.44027   0.78223
332  332   4.00000   8.00000   0.59046   0.72903
333  333   0.00000   8.00000  -2.10714   1.45810
334  334   3.00000   8.00000   0.06287   0.74198
335  335   4.00000   8.00000   0.59046   0.72903
336  336   2.00000   8.00000  -0.44027   0.78223
337  337   7.00000   8.00000   2.06717   0.86431
338  338   5.00000   8.00000   1.09095   0.72421
339  339   3.00000   8.00000   0.06287   0.74198
340  340   3.00000   8.00000   0.06287   0.74198
341  341   4.00000   8.00000   0.59046   0.72903
342  342   3.00000   8.00000   0.06287   0.74198
343  343   3.00000   8.00000   0.06287   0.74198
344  344   1.00000   2.00000  -0.26271   1.12851
345  345   0.00000   8.00000  -2.10714   1.45810
346  346   0.00000   2.00000  -1.04824   1.36961
347  347   7.00000   8.00000   2.06717   0.86431
348  348   4.00000   8.00000   0.59046   0.72903
349  349   2.00000   2.00000   0.52194   1.36964
350  350   2.00000   2.00000   0.52194   1.36964
351  351   1.00000   2.00000  -0.26271   1.12851
352  352   2.00000   2.00000   0.52194   1.36964
353  353   5.00000   6.00000   1.80797   0.90528
354  354   0.00000   6.00000  -2.64005   1.95728
355  355   5.00000   6.00000   1.80797   0.90528
357  357   1.00000   6.00000  -0.59363   1.09622
358  358   1.00000   6.00000  -0.59363   1.09622
359  359   0.00000   4.00000  -0.54531   1.33846
360  360   1.00000   6.00000  -0.59363   1.09622
361  361   2.00000   6.00000   0.24500   0.84681
362  362   3.00000   6.00000   0.77455   0.77611
364  364   1.00000   6.00000  -0.59363   1.09622
365  365   1.00000   6.00000  -0.59363   1.09622
366  366   1.00000   6.00000  -0.59363   1.09622
367  367   1.00000   6.00000  -0.59363   1.09622
368  368   1.00000   6.00000  -0.59363   1.09622
369  369   2.00000   6.00000   0.24500   0.84681
370  370   2.00000   6.00000   0.24500   0.84681
371  371   2.00000   6.00000   0.24500   0.84681
372  372   1.00000   6.00000  -0.59363   1.09622
373  373   1.00000   2.00000  -0.05178   1.83420
374  374   1.00000   6.00000  -0.59363   1.09622
375  375   2.00000   6.00000   0.24500   0.84681
376  376   1.00000   6.00000  -0.59363   1.09622
377  377   1.00000   6.00000  -0.59363   1.09622
378  378   3.00000   6.00000   0.77455   0.77611
379  379   2.00000   6.00000   0.24500   0.84681
380  380   1.00000   6.00000  -0.59363   1.09622
381  381   3.00000   6.00000   0.77455   0.77611
382  382   1.00000   6.00000  -0.59363   1.09622
383  383   3.00000   6.00000   0.77455   0.77611
384  384   1.00000   6.00000  -0.59363   1.09622
385  385   2.00000   6.00000   0.24500   0.84681
386  386   5.00000   8.00000   0.68220   0.72585
387  387   2.00000   8.00000  -1.06926   0.90894
388  388   3.00000   8.00000  -0.36226   0.80546
389  389   2.00000   8.00000  -1.06926   0.90894
390  390   6.00000   8.00000   1.13480   0.75321
391  391   6.00000   8.00000   1.13480   0.75321
392  392   0.00000   4.00000  -3.56455   1.81643
393  393   2.00000   8.00000  -1.06926   0.90894
394  394   2.00000   8.00000  -1.06926   0.90894
395  395   5.00000   8.00000   0.68220   0.72585
396  396   4.00000   8.00000   0.20426   0.74572
397  397   4.00000   8.00000   0.20426   0.74572
398  398   5.00000   8.00000   0.68220   0.72585
399  399   5.00000   8.00000   0.68220   0.72585
400  400   3.00000   8.00000  -0.36226   0.80546
401  401   1.00000   8.00000  -2.01182   1.10662
402  402   2.00000   8.00000  -1.06926   0.90894
403  403   4.00000   8.00000   0.20426   0.74572
404  404   5.00000   8.00000   0.68220   0.72585
405  405   1.00000   8.00000  -2.01182   1.10662
406  406   4.00000   8.00000   0.20426   0.74572
407  407   1.00000   8.00000  -2.01182   1.10662
408  408   2.00000   8.00000  -1.06926   0.90894
409  409   2.00000   8.00000  -1.06926   0.90894
411  411   2.00000   8.00000  -1.06926   0.90894
412  412   4.00000   8.00000   0.20426   0.74572
413  413   3.00000   8.00000  -0.36226   0.80546
414  414   2.00000   8.00000  -1.06926   0.90894
415  415   1.00000   8.00000  -2.01182   1.10662
416  416   4.00000   8.00000   0.20426   0.74572
417  417   2.00000   8.00000  -1.06926   0.90894
419  419   3.00000   8.00000  -0.36226   0.80546
420  420   2.00000   8.00000   0.23675   0.71467
422  422   2.00000   8.00000   0.23675   0.71467
423  423   1.00000   8.00000  -0.29337   0.86151
424  424   2.00000   8.00000   0.23675   0.71467
425  425   1.00000   8.00000  -0.29337   0.86151
426  426   2.00000   8.00000   0.23675   0.71467
427  427   0.00000   4.00000  -0.54531   1.33846
428  428   6.00000   8.00000   1.72471   0.70109
429  429   3.00000   8.00000   0.63789   0.65406
430  430   2.00000   8.00000   0.23675   0.71467
431  431   2.00000   8.00000   0.23675   0.71467
432  432   2.00000   8.00000   0.23675   0.71467
433  433   0.00000   8.00000  -1.32841   1.39962
434  434   0.00000   8.00000  -1.32841   1.39962
435  435   7.00000   8.00000   2.21727   0.83535
436  436   6.00000   8.00000   1.72471   0.70109
437  437   2.00000   8.00000   0.23675   0.71467
438  438   3.00000   8.00000   0.63789   0.65406
439  439   4.00000   8.00000   0.99224   0.63478
440  440   6.00000   8.00000   1.72471   0.70109
441  441   2.00000   8.00000   0.23675   0.71467
442  442   2.00000   8.00000   0.23675   0.71467
443  443   1.00000   8.00000  -0.29337   0.86151
444  444   1.00000   8.00000  -0.29337   0.86151
445  445   5.00000   8.00000   1.34145   0.64788
446  446   0.00000   8.00000  -1.32841   1.39962
447  447   1.00000   8.00000  -0.29337   0.86151
448  448   6.00000   8.00000   1.72471   0.70109
449  449   2.00000   8.00000   0.23675   0.71467
450  450   0.00000   4.00000  -0.91984   1.60007
451  451   3.00000   8.00000   0.63789   0.65406
452  452   9.00000  10.00000   2.19466   0.82965
453  453   5.00000  10.00000   0.56363   0.65259
454  454   8.00000  10.00000   1.71256   0.70371
456  456   9.00000  10.00000   2.19466   0.82965
457  457   2.00000  10.00000  -0.83984   0.82184
458  458   8.00000  10.00000   1.71256   0.70371
459  459   4.00000  10.00000   0.14119   0.67834
461  461   8.00000  10.00000   1.71256   0.70371
462  462   2.00000  10.00000  -0.83984   0.82184
463  463   3.00000  10.00000  -0.31161   0.72442
464  464   4.00000  10.00000   0.14119   0.67834
465  465   5.00000  10.00000   0.56363   0.65259
466  466   4.00000  10.00000   0.14119   0.67834
467  467   6.00000  10.00000   0.95254   0.64254
469  469   1.00000  10.00000  -1.69087   1.07251
470  470   4.00000  10.00000   0.14119   0.67834
471  471   6.00000  10.00000   0.95254   0.64254
472  472   6.00000  10.00000   0.95254   0.64254
473  473   3.00000  10.00000  -0.31161   0.72442
474  474   8.00000  10.00000   1.71256   0.70371
476  476   5.00000  10.00000   0.56363   0.65259
477  477   2.00000  10.00000  -0.83984   0.82184
478  478   2.00000  10.00000  -0.83984   0.82184
479  479   3.00000  10.00000  -0.31161   0.72442
480  480   6.00000  10.00000   0.95254   0.64254
481  481   4.00000  10.00000   0.14119   0.67834
482  482   4.00000  10.00000   0.14119   0.67834
483  483   6.00000  10.00000   0.95254   0.64254
484  484   7.00000   8.00000   2.23252   0.87570
486  486   2.00000   8.00000  -0.35042   0.82813
487  487   3.00000   8.00000   0.22796   0.77140
488  488   0.00000   4.00000  -2.54036   1.81691
489  489   4.00000   8.00000   0.78780   0.73375
490  490   3.00000   8.00000   0.22796   0.77140
491  491   2.00000   8.00000  -0.35042   0.82813
492  492   4.00000   8.00000   0.78780   0.73375
493  493   5.00000   8.00000   1.25881   0.71993
494  494   3.00000   8.00000   0.22796   0.77140
495  495   2.00000   8.00000  -0.35042   0.82813
496  496   5.00000   8.00000   1.25881   0.71993
497  497   3.00000   8.00000   0.22796   0.77140
498  498   3.00000   8.00000   0.22796   0.77140
499  499   3.00000   8.00000   0.22796   0.77140
500  500   1.00000   8.00000  -1.02419   0.98849
501  501   1.00000   8.00000  -1.02419   0.98849
502  502   2.00000   8.00000  -0.35042   0.82813
503  503   6.00000   8.00000   1.70396   0.75322
504  504   1.00000   8.00000  -1.02419   0.98849
505  505   6.00000   8.00000   1.70396   0.75322
506  506   7.00000   8.00000   2.23252   0.87570
508  508   0.00000   4.00000   0.06281   1.29164
509  509   4.00000   8.00000   0.78780   0.73375
510  510   4.00000   8.00000   0.78780   0.73375
511  511   1.00000   4.00000   0.88807   0.90657
512  512   1.00000   8.00000  -1.02419   0.98849
514  514   0.00000   4.00000   0.06281   1.29164
515  515   3.00000   8.00000   0.22796   0.77140
516  516   4.00000   8.00000   0.78780   0.73375
517  517   3.00000   8.00000   0.22796   0.77140
518  518   4.00000   8.00000   0.78780   0.73375
519  519   8.00000   8.00000   3.20863   1.37326
520  520   1.00000   8.00000  -1.02419   0.98849
521  521   3.00000   8.00000   0.22796   0.77140
522  522   3.00000   8.00000   0.22796   0.77140
523  523   5.00000   8.00000   1.25881   0.71993
524  524   3.00000   8.00000   0.22796   0.77140
525  525   5.00000   8.00000   1.25881   0.71993
526  526   7.00000   8.00000   2.23252   0.87570
527  527   5.00000   8.00000   1.25881   0.71993
528  528   3.00000   8.00000   0.22796   0.77140
529  529   4.00000   8.00000   0.78780   0.73375
530  530   1.00000   8.00000  -1.01824   0.91171
531  531   1.00000   8.00000  -1.01824   0.91171
532  532   3.00000   8.00000   0.06287   0.74198
533  533   8.00000   8.00000   2.94177   1.30126
534  534   1.00000   6.00000  -0.54087   1.09969
535  535   2.00000   8.00000  -0.44027   0.78223
536  536   5.00000   8.00000   1.09095   0.72421
537  537   6.00000   8.00000   1.55146   0.75391
538  538   4.00000   8.00000   0.59046   0.72903
539  539   8.00000   8.00000   2.94177   1.30126
540  540   4.00000   8.00000   0.59046   0.72903
542  542   3.00000   8.00000   0.06287   0.74198
543  543   2.00000   8.00000  -0.44027   0.78223
544  544   4.00000   8.00000   0.59046   0.72903
545  545   3.00000   8.00000   0.06287   0.74198
546  546   8.00000   8.00000   2.94177   1.30126
547  547   3.00000   8.00000   0.06287   0.74198
548  548   2.00000   8.00000  -0.44027   0.78223
549  549   8.00000   8.00000   2.94177   1.30126
550  550   2.00000   2.00000   0.52194   1.36964
551  551   2.00000   8.00000  -0.44027   0.78223
552  552   4.00000   8.00000   0.59046   0.72903
553  553   1.00000   8.00000  -1.01824   0.91171
554  554   3.00000   8.00000   0.06287   0.74198
555  555   3.00000   8.00000   0.06287   0.74198
556  556   8.00000   8.00000   2.94177   1.30126
557  557   7.00000   8.00000   2.06717   0.86431
558  558   4.00000   8.00000   0.59046   0.72903
559  559   2.00000   8.00000  -0.44027   0.78223
560  560   2.00000   8.00000  -0.44027   0.78223
561  561   6.00000   6.00000   2.84612   1.42770
562  562   6.00000   6.00000   2.84612   1.42770
563  563   1.00000   6.00000  -0.59363   1.09622
564  564   1.00000   6.00000  -0.59363   1.09622
565  565   2.00000   6.00000   0.24500   0.84681
566  566   1.00000   6.00000  -0.59363   1.09622
567  567   6.00000   6.00000   2.84612   1.42770
568  568   6.00000   6.00000   2.84612   1.42770
569  569   4.00000   6.00000   1.25268   0.78908
570  570   1.00000   6.00000  -0.59363   1.09622
571  571   0.00000   6.00000  -2.64005   1.95728
572  572   3.00000   6.00000   0.77455   0.77611
573  573   2.00000   6.00000   0.24500   0.84681
574  574   4.00000   6.00000   1.25268   0.78908
575  575   2.00000   6.00000   0.24500   0.84681
576  576   1.00000   6.00000  -0.59363   1.09622
577  577   2.00000   6.00000   0.24500   0.84681
578  578   1.00000   6.00000  -0.59363   1.09622
579  579   6.00000   6.00000   2.84612   1.42770
581  581   1.00000   6.00000  -0.59363   1.09622
582  582   2.00000   6.00000   0.24500   0.84681
583  583   5.00000   6.00000   1.80797   0.90528
584  584   1.00000   6.00000  -0.59363   1.09622
585  585   3.00000   6.00000   0.77455   0.77611
586  586   3.00000   6.00000   0.77455   0.77611
587  587   1.00000   6.00000  -0.59363   1.09622
588  588   1.00000   6.00000  -0.59363   1.09622
589  589   3.00000   6.00000   0.77455   0.77611
590  590   4.00000   6.00000   1.25268   0.78908
591  591   3.00000   6.00000   0.77455   0.77611
592  592   4.00000   6.00000   1.25268   0.78908
593  593   1.00000   6.00000  -0.59363   1.09622
594  594   6.00000   6.00000   2.84612   1.42770
595  595   1.00000   6.00000  -0.59363   1.09622
596  596   1.00000   6.00000  -0.59363   1.09622
597  597   1.00000   6.00000  -0.59363   1.09622
598  598   2.00000   6.00000   0.24500   0.84681
600  600   2.00000   6.00000   0.24500   0.84681
601  601   0.00000   6.00000  -2.64005   1.95728
602  602   1.00000   6.00000  -0.59363   1.09622
603  603   1.00000   6.00000  -0.59363   1.09622
604  604   1.00000   6.00000  -0.59363   1.09622
605  605   0.00000   6.00000  -2.64005   1.95728
606  606   1.00000   6.00000  -0.59363   1.09622
607  607   0.00000   6.00000  -2.64005   1.95728
608  608   1.00000   6.00000  -0.59363   1.09622
609  609   4.00000   6.00000   1.25268   0.78908
610  610   6.00000   6.00000   2.84612   1.42770
611  611   3.00000   6.00000   0.77455   0.77611
612  612   2.00000   6.00000   0.24500   0.84681
613  613   2.00000   6.00000   0.24500   0.84681
614  614   2.00000   6.00000   0.24500   0.84681
615  615   1.00000   6.00000  -0.59363   1.09622
616  616   1.00000   6.00000  -0.59363   1.09622
617  617   1.00000   6.00000  -0.59363   1.09622
618  618   3.00000   6.00000   0.77455   0.77611
619  619   2.00000   6.00000   0.24500   0.84681
620  620   4.00000   6.00000   1.25268   0.78908
621  621   2.00000   6.00000   0.24500   0.84681
622  622   2.00000   6.00000   0.24500   0.84681
623  623   1.00000   6.00000  -0.59363   1.09622
624  624   5.00000   6.00000   1.80797   0.90528
625  625   1.00000   6.00000  -0.59363   1.09622
626  626   5.00000   6.00000   1.80797   0.90528
627  627   2.00000   6.00000   0.24500   0.84681
628  628   3.00000   6.00000   0.77455   0.77611
629  629   2.00000   6.00000   0.24500   0.84681
630  630   3.00000   6.00000   0.77455   0.77611
631  631   4.00000   6.00000   1.25268   0.78908
632  632   1.00000   6.00000  -0.59363   1.09622
633  633   5.00000   6.00000   1.80797   0.90528
634  634   1.00000   6.00000  -0.59363   1.09622
635  635   1.00000   6.00000  -0.59363   1.09622
636  636   4.00000   6.00000   1.25268   0.78908
637  637   2.00000   6.00000   0.24500   0.84681
638  638   1.00000   6.00000  -0.59363   1.09622
639  639   1.00000   6.00000  -0.59363   1.09622
640  640   3.00000   6.00000   0.77455   0.77611
641  641   1.00000   6.00000  -0.59363   1.09622
642  642   1.00000   6.00000  -0.59363   1.09622
643  643   0.00000   6.00000  -2.64005   1.95728
644  644   0.00000   6.00000  -2.64005   1.95728
645  645   8.00000   8.00000   2.51360   1.29465
646  646   5.00000   8.00000   0.68220   0.72585
647  647   1.00000   8.00000  -2.01182   1.10662
648  648   1.00000   8.00000  -2.01182   1.10662
649  649   6.00000   8.00000   1.13480   0.75321
650  650   1.00000   8.00000  -2.01182   1.10662
651  651   4.00000   8.00000   0.20426   0.74572
652  652   5.00000   8.00000   0.68220   0.72585
653  653   1.00000   8.00000  -2.01182   1.10662
654  654   5.00000   8.00000   0.68220   0.72585
655  655   6.00000   8.00000   1.13480   0.75321
656  656   2.00000   8.00000  -1.06926   0.90894
657  657   3.00000   8.00000  -0.36226   0.80546
658  658   2.00000   8.00000  -1.06926   0.90894
659  659   3.00000   8.00000  -0.36226   0.80546
660  660   1.00000   8.00000  -2.01182   1.10662
661  661   8.00000   8.00000   2.51360   1.29465
662  662   3.00000   8.00000  -0.36226   0.80546
663  663   6.00000   8.00000   1.13480   0.75321
664  664   0.00000   4.00000  -3.56455   1.81643
665  665   4.00000   8.00000   0.20426   0.74572
666  666   3.00000   8.00000  -0.36226   0.80546
667  667   8.00000   8.00000   2.51360   1.29465
669  669   2.00000   8.00000  -1.06926   0.90894
670  670   3.00000   8.00000  -0.36226   0.80546
671  671   1.00000   8.00000  -2.01182   1.10662
672  672   5.00000   8.00000   0.68220   0.72585
673  673   3.00000   8.00000  -0.36226   0.80546
674  674   5.00000   8.00000   0.68220   0.72585
675  675   3.00000   8.00000  -0.36226   0.80546
676  676   7.00000   8.00000   1.64844   0.86257
677  677   3.00000   8.00000  -0.36226   0.80546
678  678   3.00000   8.00000  -0.36226   0.80546
679  679   4.00000   8.00000   0.20426   0.74572
680  680   2.00000   8.00000  -1.06926   0.90894
681  681   3.00000   8.00000  -0.36226   0.80546
682  682   6.00000   8.00000   1.13480   0.75321
683  683   2.00000   8.00000  -1.06926   0.90894
684  684   3.00000   8.00000  -0.36226   0.80546
685  685   6.00000   8.00000   1.13480   0.75321
686  686   1.00000   8.00000  -2.01182   1.10662
687  687   2.00000   8.00000  -1.06926   0.90894
688  688   5.00000   8.00000   0.68220   0.72585
689  689   4.00000   8.00000   0.20426   0.74572
690  690   5.00000   8.00000   0.68220   0.72585
691  691   8.00000   8.00000   2.51360   1.29465
692  692   7.00000   8.00000   1.64844   0.86257
693  693   2.00000   8.00000  -1.06926   0.90894
694  694   8.00000   8.00000   2.51360   1.29465
695  695   8.00000   8.00000   2.51360   1.29465
696  696   4.00000   8.00000   0.20426   0.74572
697  697   4.00000   8.00000   0.20426   0.74572
698  698   6.00000   8.00000   1.13480   0.75321
699  699   3.00000   8.00000  -0.36226   0.80546
700  700   2.00000   8.00000  -1.06926   0.90894
701  701   4.00000   8.00000   0.20426   0.74572
702  702   6.00000   8.00000   1.13480   0.75321
703  703   2.00000   8.00000  -1.06926   0.90894
704  704   4.00000   8.00000   0.20426   0.74572
705  705   3.00000   8.00000  -0.36226   0.80546
706  706   3.00000   8.00000  -0.36226   0.80546
707  707   3.00000   8.00000  -0.36226   0.80546
708  708   3.00000   8.00000  -0.36226   0.80546
709  709   4.00000   8.00000   0.20426   0.74572
710  710   4.00000   8.00000   0.20426   0.74572
711  711   8.00000   8.00000   2.51360   1.29465
712  712   5.00000   8.00000   0.68220   0.72585
713  713   5.00000   8.00000   0.68220   0.72585
714  714   2.00000   8.00000  -1.06926   0.90894
716  716   6.00000   8.00000   1.13480   0.75321
717  717   4.00000   8.00000   0.20426   0.74572
718  718   4.00000   8.00000   0.20426   0.74572
719  719   3.00000   8.00000  -0.36226   0.80546
720  720   6.00000   8.00000   1.13480   0.75321
721  721   5.00000   8.00000   0.68220   0.72585
722  722   3.00000   8.00000  -0.36226   0.80546
723  723   6.00000   8.00000   1.13480   0.75321
724  724   2.00000   8.00000  -1.06926   0.90894
725  725   5.00000   8.00000   0.68220   0.72585
726  726   0.00000   8.00000  -3.59003   1.77272
727  727   3.00000   8.00000  -0.36226   0.80546
728  728   4.00000   8.00000   0.20426   0.74572
729  729   5.00000   8.00000   0.68220   0.72585
730  730   4.00000   8.00000   0.20426   0.74572
731  731   0.00000   8.00000  -1.32841   1.39962
732  732   2.00000   8.00000   0.23675   0.71467
733  733   3.00000   8.00000   0.63789   0.65406
734  734   5.00000   8.00000   1.34145   0.64788
735  735   2.00000   8.00000   0.23675   0.71467
736  736   3.00000   8.00000   0.63789   0.65406
737  737   6.00000   8.00000   1.72471   0.70109
738  738   0.00000   8.00000  -1.32841   1.39962
739  739   5.00000   8.00000   1.34145   0.64788
740  740   3.00000   8.00000   0.63789   0.65406
741  741   3.00000   8.00000   0.63789   0.65406
742  742   2.00000   8.00000   0.23675   0.71467
743  743   1.00000   8.00000  -0.29337   0.86151
744  744   4.00000   8.00000   0.99224   0.63478
745  745   2.00000   8.00000   0.23675   0.71467
746  746   2.00000   8.00000   0.23675   0.71467
747  747   3.00000   8.00000   0.63789   0.65406
748  748   0.00000   8.00000  -1.32841   1.39962
749  749   5.00000   8.00000   1.34145   0.64788
751  751   1.00000   8.00000  -0.29337   0.86151
752  752   1.00000   8.00000  -0.29337   0.86151
754  754   4.00000   8.00000   0.99224   0.63478
755  755   1.00000   8.00000  -0.29337   0.86151
756  756   4.00000   8.00000   0.99224   0.63478
757  757   2.00000   8.00000   0.23675   0.71467
758  758   0.00000   8.00000  -1.32841   1.39962
759  759   3.00000   8.00000   0.63789   0.65406
760  760   7.00000   8.00000   2.21727   0.83535
761  761   3.00000   8.00000   0.63789   0.65406
762  762   2.00000   8.00000   0.23675   0.71467
763  763   1.00000   8.00000  -0.29337   0.86151
764  764   0.00000   4.00000  -0.54531   1.33846
765  765   1.00000   8.00000  -0.29337   0.86151
766  766   1.00000   8.00000  -0.29337   0.86151
767  767   1.00000   8.00000  -0.29337   0.86151
769  769   2.00000   8.00000   0.23675   0.71467
770  770   0.00000   8.00000  -1.32841   1.39962
771  771   3.00000   8.00000   0.63789   0.65406
772  772   3.00000   8.00000   0.63789   0.65406
773  773   4.00000   8.00000   0.99224   0.63478
774  774   3.00000   8.00000   0.63789   0.65406
775  775   5.00000   8.00000   1.34145   0.64788
776  776   4.00000   8.00000   0.99224   0.63478
777  777   2.00000   8.00000   0.23675   0.71467
778  778   2.00000   8.00000   0.23675   0.71467
779  779   5.00000   8.00000   1.34145   0.64788
780  780   3.00000   8.00000   0.63789   0.65406
781  781   2.00000   8.00000   0.23675   0.71467
782  782   1.00000   8.00000  -0.29337   0.86151
783  783   2.00000   8.00000   0.23675   0.71467
784  784   5.00000   8.00000   1.34145   0.64788
785  785   2.00000   8.00000   0.23675   0.71467
786  786   3.00000   8.00000   0.63789   0.65406
787  787   1.00000   8.00000  -0.29337   0.86151
788  788   5.00000   8.00000   1.34145   0.64788
789  789   0.00000   8.00000  -1.32841   1.39962
790  790   0.00000   8.00000  -1.32841   1.39962
791  791   3.00000   8.00000   0.63789   0.65406
792  792   2.00000   8.00000   0.23675   0.71467
793  793   3.00000   8.00000   0.63789   0.65406
794  794   3.00000   8.00000   0.63789   0.65406
795  795   4.00000   8.00000   0.99224   0.63478
796  796   4.00000   8.00000   0.99224   0.63478
797  797   0.00000   8.00000  -1.32841   1.39962
798  798   0.00000   8.00000  -1.32841   1.39962
799  799   3.00000   8.00000   0.63789   0.65406
800  800   3.00000   8.00000   0.63789   0.65406
801  801   2.00000   8.00000   0.23675   0.71467
802  802   0.00000   8.00000  -1.32841   1.39962
803  803   2.00000   8.00000   0.23675   0.71467
804  804   6.00000   8.00000   1.72471   0.70109
805  805   6.00000   8.00000   1.72471   0.70109
806  806   7.00000   8.00000   2.21727   0.83535
807  807   2.00000   8.00000   0.23675   0.71467
808  808   2.00000   8.00000   0.23675   0.71467
809  809   3.00000   8.00000   0.63789   0.65406
810  810   1.00000   8.00000  -0.29337   0.86151
811  811   2.00000   8.00000   0.23675   0.71467
812  812   1.00000   8.00000  -0.29337   0.86151
813  813   1.00000   8.00000  -0.29337   0.86151
814  814   1.00000   8.00000  -0.29337   0.86151
815  815   1.00000   8.00000  -0.29337   0.86151
816  816   3.00000   8.00000   0.06287   0.74198
817  817   2.00000   8.00000  -0.44027   0.78223
818  818   1.00000   8.00000  -1.01824   0.91171
819  819   2.00000   8.00000  -0.44027   0.78223
820  820   4.00000   8.00000   0.59046   0.72903
821  821   5.00000   8.00000   1.09095   0.72421
822  822   3.00000   8.00000   0.06287   0.74198
823  823   3.00000   8.00000   0.06287   0.74198
824  824   2.00000   6.00000   0.42467   0.88275
825  825   1.00000   8.00000  -1.01824   0.91171
826  826   2.00000   2.00000   1.04463   1.84355
827  827   4.00000   8.00000   0.59046   0.72903
828  828   4.00000   8.00000   0.59046   0.72903
829  829   3.00000   8.00000   0.06287   0.74198
830  830   2.00000   8.00000  -0.44027   0.78223
831  831   4.00000   8.00000   0.78780   0.73375
832  832   0.00000   8.00000  -2.58296   1.75535
833  833   1.00000   8.00000  -1.02419   0.98849
834  834   4.00000   8.00000   0.78780   0.73375
835  835   6.00000   8.00000   1.70396   0.75322
836  836   1.00000   8.00000  -1.02419   0.98849
837  837   7.00000   8.00000   2.23252   0.87570
838  838   1.00000   8.00000  -1.02419   0.98849
839  839   8.00000   8.00000   3.20863   1.37326
840  840   4.00000   8.00000   0.78780   0.73375
841  841   0.00000   8.00000  -2.58296   1.75535
842  842   6.00000   8.00000   1.70396   0.75322
843  843   3.00000   8.00000   0.22796   0.77140
844  844   2.00000   8.00000  -0.35042   0.82813
845  845   5.00000   8.00000   1.25881   0.71993
846  846   0.00000   4.00000  -2.54036   1.81691
848  848   6.00000  10.00000   0.95254   0.64254
849  849   3.00000  10.00000  -0.31161   0.72442
850  850   7.00000  10.00000   1.32308   0.65496
851  851   4.00000  10.00000   0.14119   0.67834
852  852   4.00000  10.00000   0.14119   0.67834
853  853   2.00000  10.00000  -0.83984   0.82184
854  854   6.00000  10.00000   0.95254   0.64254
855  855   5.00000  10.00000   0.56363   0.65259
856  856   6.00000  10.00000   0.95254   0.64254
857  857   2.00000  10.00000  -0.83984   0.82184
858  858   3.00000  10.00000  -0.31161   0.72442
859  859   4.00000  10.00000   0.14119   0.67834
860  860   3.00000  10.00000  -0.31161   0.72442
861  861   5.00000  10.00000   0.56363   0.65259
862  862   6.00000  10.00000   0.95254   0.64254